1	10	1.82524
1	171	1.92682
1	306	2.11667
1	410	2.59789
1	446	2.72563
1	504	2.73935
1	559	2.75813
2	289	1.5876
2	371	1.47232
2	562	2.83117
2	723	2.60142
2	734	2.60168
2	752	2.46605
2	862	3.12017
3	8	2.78295
3	11	2.78111
3	55	2.77999
3	72	2.77984
3	79	2.78046
3	117	1.85203
3	224	2.78127
4	19	2.78295
4	40	2.78111
4	53	2.77999
4	71	1.85203
4	84	2.77984
4	117	2.78046
4	124	2.78127
5	7	2.78295
5	27	2.78111
5	107	2.77999
5	151	2.77984
5	222	2.78046
5	228	2.78127
5	885	2.13825
6	473	2.7
6	587	2.65439
6	654	2.52742
6	695	2.80287
6	696	2.86724
6	758	2.86731
6	839	2.955
7	5	2.78295
7	27	2.77932
7	107	2.7782
7	151	2.77805
7	222	2.77866
7	228	2.77947
7	245	2.26274
8	3	2.78295
8	11	2.77932
8	55	2.7782
8	72	2.77805
8	79	2.77866
8	224	2.77947
8	528	2.7
9	35	2.78295
9	52	2.78111
9	54	2.77999
9	75	2.77984
9	187	2.78046
9	192	2.78127
9	975	5.80948
10	1	1.82524
10	410	2.38597
10	446	2.51371
10	491	2.47885
10	504	2.52743
10	559	2.54621
10	574	2.38413
11	3	2.78111
11	8	2.77932
11	55	2.77636
11	72	2.77621
11	79	2.77682
11	224	2.77763
11	448	2.7
12	56	2.78295
12	78	2.78111
12	90	2.77999
12	164	2.77984
12	216	2.78046
12	225	2.78127
12	520	2.7
13	332	2.26274
13	350	2.77526
13	422	2.77526
13	425	2.35587
13	482	2.91844
13	500	2.91906
13	543	2.91969
14	281	2.59474
14	301	2.59372
14	365	2.59283
14	423	2.59201
14	518	3.15449
14	582	3.15498
14	812	4.15692
15	26	2.78295
15	47	1.85203
15	49	2.78111
15	57	2.77999
15	66	2.77984
15	130	2.78046
15	197	2.78127
16	115	1.79528
16	271	2.38254
16	389	2.31982
16	467	2.54644
16	497	2.54656
16	539	2.54706
16	552	2.54771
17	291	2.26274
17	471	2.11657
17	659	2.54098
17	773	2.81663
17	852	3.06771
17	855	3.06806
17	883	3.06849
18	58	2.78295
18	97	2.78111
18	136	2.77999
18	150	2.77984
18	218	2.78046
18	221	2.78127
18	418	2.26274
19	4	2.78295
19	40	2.77932
19	53	2.7782
19	84	2.77805
19	117	2.77866
19	124	2.77947
19	795	1.74287
20	24	1.89204
20	567	2.22215
20	581	2.67654
20	798	3.27825
20	836	3.24399
20	898	3.36829
20	910	1.46671
21	207	1.81935
21	252	2.0434
21	261	2.49654
21	329	2.49654
21	468	2.60603
21	534	2.60668
21	570	2.60735
22	46	2.78295
22	64	2.78111
22	68	2.77999
22	83	2.77984
22	172	2.78046
22	180	2.78127
22	235	2.26274
23	75	1.85203
23	252	2.34456
23	261	2.7977
23	329	2.7977
23	468	2.90719
23	534	2.90784
23	570	2.90851
24	20	1.89204
24	158	1.45774
24	250	2.40114
24	649	2.24015
24	798	2.87076
24	836	2.83651
24	898	2.9608
25	563	2.3725
25	567	2.1307
25	627	3.16228
25	649	2.55619
25	798	3.1868
25	836	3.15255
25	898	3.27684
26	15	2.78295
26	49	2.77932
26	57	2.7782
26	66	2.77805
26	130	2.77866
26	197	2.77947
26	681	3.16228
27	5	2.78111
27	7	2.77932
27	107	2.77636
27	151	2.77621
27	222	2.77682
27	228	2.77763
27	894	4.68722
28	36	1.83075
28	195	2.20379
28	453	2.50141
28	512	2.55426
28	538	2.18367
28	593	2.70419
28	632	2.70477
29	48	2.78295
29	98	2.78111
29	104	2.77999
29	111	2.77984
29	177	2.78046
29	188	2.78127
29	824	4.15692
30	41	2.78295
30	47	2.78111
30	76	2.77999
30	122	1.85203
30	133	2.77984
30	189	2.78046
30	191	2.78127
31	43	2.18359
31	58	1.85203
31	162	2.09328
31	358	2.9832
31	529	3.0716
31	629	3.17073
31	660	3.17125
32	213	1.85203
32	510	2.6476
32	589	3.16228
32	881	3.29862
32	909	3.47728
32	914	3.4777
32	925	3.75496
33	611	2.46108
33	765	2.48961
33	797	2.6757
33	799	2.68686
33	857	1.19116
33	865	3.20612
33	905	3.15392
34	236	2.6489
34	272	2.24091
34	426	2.54222
34	595	2.89846
34	604	2.89896
34	629	3.16228
34	746	3.44632
35	9	2.78295
35	52	2.77932
35	54	2.7782
35	75	2.77805
35	187	2.77866
35	192	2.77947
35	753	3.64829
36	28	1.83075
36	144	2.19557
36	393	2.35669
36	512	2.59314
36	538	2.22255
36	593	2.74307
36	632	2.74365
37	785	2.39268
37	885	2.57133
37	893	2.17541
37	928	2.23674
37	939	2.2368
37	959	2.64334
37	974	2.41159
38	131	1.82083
38	295	2.07553
38	319	1.67046
38	420	2.4036
38	599	2.39358
38	941	2.9812
38	942	3.34803
39	196	1.85203
39	475	2.71553
39	508	2.60346
39	589	2.79381
39	609	2.83575
39	681	2.81287
39	729	2.90776
40	4	2.78111
40	19	2.77932
40	53	2.77636
40	84	2.77621
40	117	2.77682
40	124	2.77763
40	181	1.85203
41	30	2.78295
41	47	2.77932
41	76	2.7782
41	133	2.77805
41	189	2.77866
41	191	2.77947
41	777	3.64829
42	126	2.70266
42	135	2.14111
42	302	2.66782
42	431	3.33919
42	526	2.91131
42	532	2.91182
42	610	3.16228
43	31	2.18359
43	203	1.66455
43	347	2.4285
43	358	2.48301
43	529	2.57141
43	629	2.67055
43	660	2.67106
44	86	1.94741
44	168	1.94583
44	266	2.56046
44	283	2.55958
44	344	2.55939
44	386	2.55978
44	409	2.56042
45	626	2.31468
45	828	2.6227
45	854	4.68722
45	867	2.79851
45	882	2.79864
45	892	2.76042
45	971	3.37263
46	22	2.78295
46	64	2.77932
46	68	2.7782
46	83	2.77805
46	172	2.77866
46	180	2.77947
46	410	2.26274
47	15	1.85203
47	30	2.78111
47	41	2.77932
47	76	2.77636
47	133	2.77621
47	189	2.77682
47	191	2.77763
48	29	2.78295
48	98	2.77932
48	104	2.7782
48	111	2.77805
48	177	2.77866
48	188	2.77947
48	734	3.64829
49	15	2.78111
49	26	2.77932
49	57	2.77636
49	66	2.77621
49	130	2.77682
49	197	2.77763
49	719	3.64829
50	195	1.85203
50	466	2.55042
50	571	2.54869
50	607	2.73276
50	634	2.73276
50	697	3.24764
50	770	2.85385
51	458	2.59312
51	530	2.57974
51	668	2.70283
51	744	2.83593
51	758	3.64829
51	833	3.00294
51	837	2.96807
52	9	2.78111
52	35	2.77932
52	54	2.77636
52	75	2.77621
52	187	2.77682
52	192	2.77763
52	831	4.15692
53	4	2.77999
53	19	2.7782
53	40	2.77636
53	84	2.77509
53	117	2.7757
53	124	2.77651
53	955	5.23832
54	9	2.77999
54	35	2.7782
54	52	2.77636
54	68	1.85203
54	75	2.77509
54	187	2.7757
54	192	2.77651
55	3	2.77999
55	8	2.7782
55	11	2.77636
55	72	2.77509
55	79	2.7757
55	224	2.77651
55	686	3.16228
56	12	2.78295
56	78	2.77932
56	90	2.7782
56	164	2.77805
56	216	2.77866
56	225	2.77947
56	784	4.15692
57	15	2.77999
57	26	2.7782
57	49	2.77636
57	66	2.77509
57	130	2.7757
57	197	2.77651
57	828	4.15692
58	18	2.78295
58	31	1.85203
58	97	2.77932
58	136	2.7782
58	150	2.77805
58	218	2.77866
58	221	2.77947
59	394	2.12819
59	636	2.58138
59	661	2.67112
59	715	3.64829
59	763	2.80389
59	819	2.97983
59	947	3.50474
60	82	2.78295
60	116	2.78111
60	157	2.77999
60	166	2.77984
60	186	2.78046
60	215	2.78127
60	801	4.15692
61	108	2.32859
61	182	1.91313
61	290	2.52774
61	308	2.56774
61	322	2.56774
61	429	2.11172
61	550	2.67442
62	172	1.85203
62	220	2.17728
62	367	2.70535
62	465	2.94995
62	502	2.94952
62	509	2.95009
62	511	2.95081
63	165	2.2589
63	285	2.2019
63	372	2.23543
63	505	2.40943
63	513	2.38625
63	641	2.53343
63	771	2.64739
64	22	2.78111
64	46	2.77932
64	68	2.77636
64	83	2.77621
64	172	2.77682
64	180	2.77763
64	572	2.7
65	555	2.45963
65	648	2.66153
65	666	2.66153
65	720	2.79082
65	736	2.79131
65	779	3.30049
65	946	5.23832
66	15	2.77984
66	26	2.77805
66	49	2.77621
66	57	2.77509
66	130	2.77555
66	197	2.77637
66	266	2.26274
67	105	2.17493
67	566	2.30052
67	783	1.18033
67	820	2.82221
67	840	3.17453
67	946	3.10224
67	955	3.10267
68	22	2.77999
68	46	2.7782
68	54	1.85203
68	64	2.77636
68	83	2.77509
68	172	2.7757
68	180	2.77651
69	264	1.79331
69	522	2.35273
69	549	1.97997
69	624	2.54367
69	693	2.67532
69	745	2.67578
69	747	2.67625
70	257	2.27984
70	307	1.97782
70	476	2.7
70	516	2.53841
70	805	3.13814
70	847	3.13858
70	857	3.61635
71	4	1.85203
71	644	2.34585
71	730	2.52479
71	731	2.52462
71	909	2.99859
71	914	2.99901
71	925	3.27626
72	3	2.77984
72	8	2.77805
72	11	2.77621
72	55	2.77509
72	79	2.77555
72	224	2.77637
72	859	2.13825
73	163	2.28929
73	458	2.65299
73	496	2.7
73	530	2.63962
73	811	3.02324
73	833	3.06282
73	837	3.02794
74	373	2.21193
74	397	1.79641
74	448	2.3224
74	606	2.48324
74	712	2.61983
74	735	2.62036
74	739	2.62089
75	9	2.77984
75	23	1.85203
75	35	2.77805
75	52	2.77621
75	54	2.77509
75	187	2.77555
75	192	2.77637
76	30	2.77999
76	41	2.7782
76	47	2.77636
76	133	2.77509
76	189	2.7757
76	191	2.77651
76	334	2.26274
77	112	2.4149
77	155	2.4114
77	173	2.89391
77	191	1.85203
77	204	2.89391
77	254	3.02866
77	263	3.02929
78	12	2.78111
78	56	2.77932
78	90	2.77636
78	164	2.77621
78	216	2.77682
78	225	2.77763
78	581	2.7
79	3	2.78046
79	8	2.77866
79	11	2.77682
79	55	2.7757
79	72	2.77555
79	224	2.77698
79	591	3.16228
80	154	2.15711
80	230	2.27082
80	362	2.19672
80	627	2.74198
80	751	1.1238
80	851	3.59258
80	917	3.7291
81	106	2.37182
81	128	1.89868
81	167	2.37043
81	248	2.51226
81	292	2.51221
81	318	2.51269
81	388	2.51335
82	60	2.78295
82	116	2.77932
82	157	2.7782
82	166	2.77805
82	186	2.77866
82	215	2.77947
82	826	4.15692
83	22	2.77984
83	46	2.77805
83	64	2.77621
83	68	2.77509
83	172	2.77555
83	180	2.77637
83	754	3.64829
84	4	2.77984
84	19	2.77805
84	40	2.77621
84	53	2.77509
84	117	2.77555
84	124	2.77637
84	157	1.85203
85	237	2.52533
85	346	2.52432
85	382	2.52338
85	412	2.94273
85	490	3.0846
85	515	3.08501
85	730	3.64829
86	44	1.94741
86	168	1.9448
86	266	2.55943
86	283	2.55854
86	344	2.55835
86	386	2.55874
86	409	2.55938
87	145	2.51969
87	236	2.22764
87	272	1.81965
87	391	2.14318
87	595	2.4772
87	604	2.4777
87	746	3.02506
88	160	2.66615
88	212	2.66425
88	258	2.83585
88	275	2.83596
88	278	2.83658
88	373	2.26274
88	411	2.83732
89	250	2.26293
89	563	1.91825
89	581	2.13085
89	649	2.10194
89	798	2.73255
89	836	2.6983
89	898	2.82259
90	12	2.77999
90	56	2.7782
90	78	2.77636
90	164	2.77509
90	216	2.7757
90	225	2.77651
90	320	2.26274
91	598	3.16228
91	781	2.44479
91	796	2.44334
91	873	2.62657
91	949	2.80108
91	956	3.1302
91	985	3.23008
92	300	1.6604
92	351	2.05925
92	587	2.41813
92	695	2.56661
92	696	2.63099
92	758	2.63106
92	839	2.71874
93	121	2.17756
93	551	2.7
93	554	2.12589
93	661	2.77488
93	763	2.90765
93	819	3.08359
93	947	3.6085
94	227	1.94126
94	343	1.9794
94	457	2.12844
94	598	2.31399
94	705	2.4793
94	776	2.86074
94	810	2.98861
95	220	1.68633
95	367	2.21439
95	465	2.45899
95	479	2.94995
95	502	2.45856
95	509	2.45914
95	511	2.45986
96	290	2.26274
96	314	1.90739
96	483	2.02816
96	709	2.87152
96	911	3.4044
96	964	3.23169
96	986	3.23212
97	18	2.78111
97	58	2.77932
97	136	2.77636
97	150	2.77621
97	218	2.77682
97	221	2.77763
97	310	2.26274
98	29	2.78111
98	48	2.77932
98	104	2.77636
98	111	2.77621
98	177	2.77682
98	188	2.77763
98	973	2.69938
99	167	1.85203
99	577	2.09099
99	722	2.86169
99	818	2.5878
99	825	2.9534
99	934	3.18159
99	982	2.99221
100	421	2.25844
100	478	2.80396
100	535	2.74723
100	605	2.95522
100	650	2.95549
100	664	2.95593
100	807	4.15692
101	673	2.3063
101	816	1.8731
101	864	2.77333
101	922	2.63575
101	957	2.88436
101	976	3.0316
101	994	3.03191
102	617	2.29159
102	640	3.16228
102	651	2.36732
102	830	3.36665
102	846	2.59925
102	991	3.03105
102	999	3.03128
103	525	2.7
103	536	2.048
103	732	2.7027
103	765	2.71456
103	790	2.87828
103	799	2.9118
103	865	3.43106
104	29	2.77999
104	48	2.7782
104	98	2.77636
104	111	2.77509
104	177	2.7757
104	188	2.77651
104	482	2.7
105	67	2.17493
105	265	2.35843
105	544	2.62601
105	596	3.16228
105	642	2.74814
105	946	3.38412
105	955	3.38454
106	81	2.37182
106	128	2.36935
106	248	2.98293
106	292	2.98288
106	318	2.98336
106	388	2.98403
106	505	2.7
107	5	2.77999
107	7	2.7782
107	27	2.77636
107	151	2.77509
107	222	2.7757
107	228	2.77651
107	609	3.16228
108	61	2.32859
108	308	2.95702
108	322	2.95702
108	360	2.85243
108	429	2.50099
108	550	3.0637
108	833	4.15692
109	148	2.16136
109	324	2.26274
109	445	2.88205
109	473	2.89619
109	585	2.51718
109	630	3.02485
109	721	3.19446
110	253	2.37392
110	379	2.28678
110	383	2.37398
110	390	2.90232
110	398	2.35697
110	533	2.38872
110	580	1.99778
111	29	2.77984
111	48	2.77805
111	98	2.77621
111	104	2.77509
111	177	2.77555
111	188	2.77637
111	236	2.26274
112	77	2.4149
112	134	2.41377
112	155	1.9299
112	173	2.41241
112	204	2.41241
112	254	2.54716
112	263	2.54779
113	492	3.00977
113	606	3.30885
113	712	3.44545
113	735	3.44598
113	739	3.44651
113	842	1.22763
113	919	5.23832
114	171	2.26486
114	306	2.45471
114	410	2.93593
114	446	3.06366
114	491	3.02881
114	574	2.93409
114	943	0.640436
115	16	1.79528
115	229	2.18984
115	271	2.40883
115	467	2.57274
115	497	2.57285
115	539	2.57335
115	552	2.574
116	60	2.78111
116	82	2.77932
116	157	2.77636
116	166	2.77621
116	186	2.77682
116	215	2.77763
116	659	3.16228
117	3	1.85203
117	4	2.78046
117	19	2.77866
117	40	2.77682
117	53	2.7757
117	84	2.77555
117	124	2.77698
118	122	2.33125
118	193	2.17446
118	226	2.17446
118	233	2.94395
118	274	2.35573
118	303	2.35636
118	313	2.35712
119	126	2.83137
119	135	2.26982
119	219	2.70394
119	302	2.79653
119	526	3.04002
119	532	3.04053
119	949	5.23832
120	389	2.26274
120	506	1.90365
120	764	2.18554
120	915	3.09211
120	943	3.04687
120	981	3.22166
120	983	3.22214
121	93	2.17756
121	480	2.18121
121	559	2.7
121	572	2.63548
121	763	2.93172
121	819	3.10766
121	947	3.63257
122	30	1.85203
122	118	2.33125
122	193	2.76048
122	226	2.76048
122	274	2.94175
122	303	2.94238
122	313	2.94314
123	176	2.71756
123	206	2.31818
123	424	2.53164
123	438	2.93026
123	568	3.09284
123	569	3.09329
123	931	1.96403
124	4	2.78127
124	19	2.77947
124	40	2.77763
124	53	2.77651
124	84	2.77637
124	117	2.77698
124	717	1.40016
125	295	1.98345
125	403	1.82004
125	420	2.31153
125	551	2.03219
125	640	2.39465
125	941	2.88913
125	942	3.25595
126	42	2.70266
126	119	2.83137
126	135	2.267
126	302	2.79371
126	526	3.0372
126	532	3.03771
126	624	3.16228
127	327	2.25121
127	402	2.16808
127	631	2.57382
127	863	3.02709
127	897	4.68722
127	933	2.96728
127	968	3.67611
128	81	1.89868
128	106	2.36935
128	167	2.36796
128	248	2.50979
128	292	2.50973
128	318	2.51021
128	388	2.51088
129	486	1.80064
129	676	2.00516
129	815	2.37826
129	831	2.37862
129	845	2.37912
129	872	2.85697
129	874	2.85751
130	15	2.78046
130	26	2.77866
130	49	2.77682
130	57	2.7757
130	66	2.77555
130	197	2.77698
130	969	2.24961
131	38	1.82083
131	156	1.7584
131	420	2.86954
131	640	2.95266
131	908	4.68722
131	941	3.44714
131	942	3.81396
132	152	2.33866
132	246	2.9724
132	309	2.88151
132	337	2.9729
132	406	2.88171
132	427	2.62809
132	916	2.4138
133	30	2.77984
133	41	2.77805
133	47	2.77621
133	76	2.77509
133	189	2.77555
133	191	2.77637
133	769	3.64829
134	112	2.41377
134	155	2.41028
134	173	2.89278
134	204	2.89278
134	254	3.02753
134	263	3.02816
134	328	2.26274
135	42	2.14111
135	119	2.26982
135	126	2.267
135	219	2.13958
135	431	2.90353
135	526	2.47565
135	532	2.47617
136	18	2.77999
136	58	2.7782
136	97	2.77636
136	150	2.77509
136	184	1.18836
136	218	2.7757
136	221	2.77651
137	241	2.23467
137	362	2.02833
137	682	2.63958
137	697	1.48479
137	768	2.79245
137	851	3.4242
137	917	3.56071
138	677	3.16228
138	789	2.20525
138	879	2.77141
138	910	3.01943
138	932	3.01943
138	936	2.60001
138	992	3.02875
139	237	2.52586
139	346	2.52486
139	382	2.52391
139	392	2.94354
139	490	3.08514
139	515	3.08555
139	552	2.7
140	312	2.69267
140	434	2.26274
140	442	2.82007
140	460	2.43346
140	485	2.81545
140	638	2.9541
140	647	2.95461
141	143	1.94775
141	232	1.86537
141	603	2.44953
141	672	2.44811
141	686	2.38719
141	733	2.60676
141	738	2.9851
142	202	1.85203
142	663	2.31394
142	707	2.56079
142	792	2.70512
142	814	2.44071
142	912	3.3261
142	920	3.32654
143	141	1.94775
143	558	2.36771
143	623	2.88577
143	686	2.8867
143	733	3.10627
143	738	3.48461
143	786	1.18033
144	36	2.19557
144	453	2.86623
144	512	2.91908
144	538	2.54849
144	593	3.06902
144	632	3.06959
144	802	4.15692
145	87	2.51969
145	321	2.26274
145	391	3.14884
145	595	3.48286
145	604	3.48335
145	716	3.64829
145	746	4.03071
146	238	2.48217
146	259	2.9158
146	333	2.85581
146	388	2.26274
146	418	2.91318
146	432	2.45751
146	456	3.05278
147	296	1.85144
147	416	1.53996
147	562	2.76425
147	723	2.5345
147	734	2.53476
147	752	2.39914
147	862	3.05325
148	109	2.16136
148	325	1.98737
148	473	2.4894
148	545	2.52523
148	585	2.11038
148	630	2.61805
148	721	2.78767
149	205	1.85203
149	621	2.42623
149	726	2.58352
149	848	2.74224
149	866	2.87127
149	924	3.02163
149	948	3.0221
150	18	2.77984
150	58	2.77805
150	97	2.77621
150	136	2.77509
150	218	2.77555
150	221	2.77637
150	966	1.75229
151	5	2.77984
151	7	2.77805
151	27	2.77621
151	107	2.77509
151	222	2.77555
151	228	2.77637
151	746	1.61879
152	132	2.33866
152	183	1.83243
152	246	2.46759
152	337	2.46809
152	406	2.3769
152	427	2.12328
152	523	3.06091
153	496	1.85467
153	728	2.25721
153	772	2.22602
153	803	2.38908
153	843	2.32537
153	877	2.88742
153	995	2.7339
154	80	2.15711
154	230	2.10036
154	682	2.63751
154	738	0.926013
154	768	2.79037
154	851	3.42212
154	917	3.55864
155	77	2.4114
155	112	1.9299
155	134	2.41028
155	173	2.40891
155	204	2.40891
155	254	2.54366
155	263	2.54429
156	131	1.7584
156	319	1.60803
156	420	2.34118
156	599	2.33116
156	640	2.4243
156	941	2.91877
156	942	3.2856
157	60	2.77999
157	82	2.7782
157	84	1.85203
157	116	2.77636
157	166	2.77509
157	186	2.7757
157	215	2.77651
158	24	1.45774
158	250	2.37433
158	563	2.02964
158	649	2.21333
158	798	2.84395
158	836	2.80969
158	898	2.93399
159	278	2.26274
159	584	1.94333
159	759	2.64966
159	795	3.15842
159	805	2.81006
159	847	2.8105
159	857	3.28826
160	88	2.66615
160	205	2.66549
160	258	2.83507
160	275	2.83518
160	278	2.8358
160	411	2.83654
160	675	3.16228
161	281	2.16343
161	301	2.16241
161	365	2.16152
161	375	2.59283
161	423	2.16071
161	518	2.72319
161	582	2.72367
162	31	2.09328
162	347	2.33819
162	357	2.20316
162	358	2.3927
162	529	2.48111
162	629	2.58024
162	660	2.58075
163	73	2.28929
163	667	2.70193
163	668	2.74728
163	744	2.88038
163	811	3.00782
163	833	3.0474
163	843	4.15692
164	12	2.77984
164	56	2.77805
164	78	2.77621
164	90	2.77509
164	216	2.77555
164	225	2.77637
164	304	2.26274
165	63	2.2589
165	166	1.85203
165	185	2.32577
165	284	2.88147
165	376	2.55331
165	513	3.20374
165	771	3.46488
166	60	2.77984
166	82	2.77805
166	116	2.77621
166	157	2.77509
166	165	1.85203
166	186	2.77555
166	215	2.77637
167	81	2.37043
167	99	1.85203
167	128	2.36796
167	248	2.98154
167	292	2.98149
167	318	2.98197
167	388	2.98264
168	44	1.94583
168	86	1.9448
168	266	2.55785
168	283	2.55696
168	344	2.55677
168	386	2.55716
168	409	2.5578
169	235	2.78139
169	242	2.36178
169	330	2.78074
169	503	2.92029
169	541	2.92042
169	576	2.92082
169	882	4.68722
170	397	2.18587
170	492	2.57361
170	606	2.87269
170	712	3.00929
170	733	3.64829
170	735	3.00982
170	739	3.01034
171	1	1.92682
171	114	2.26486
171	306	2.00633
171	446	2.61529
171	491	2.58043
171	504	2.62901
171	559	2.64779
172	22	2.78046
172	46	2.77866
172	62	1.85203
172	64	2.77682
172	68	2.7757
172	83	2.77555
172	180	2.77698
173	77	2.89391
173	112	2.41241
173	134	2.89278
173	155	2.40891
173	249	2.26274
173	254	3.02616
173	263	3.0268
174	489	2.02279
174	491	2.7
174	749	2.53252
174	849	2.81948
174	861	2.90141
174	926	3.37905
174	962	3.01515
175	449	1.85251
175	504	2.7
175	816	2.68415
175	868	2.59662
175	915	3.09321
175	981	3.22276
175	983	3.22324
176	123	2.71756
176	320	2.82318
176	424	2.40001
176	436	2.82107
176	442	2.7
176	568	2.96121
176	569	2.96167
177	29	2.78046
177	48	2.77866
177	98	2.77682
177	104	2.7757
177	111	2.77555
177	188	2.77698
177	1000	1.75229
178	601	3.16228
178	671	1.89352
178	868	2.51447
178	915	3.01106
178	943	2.96582
178	981	3.14062
178	983	3.14109
179	553	2.37479
179	701	3.64829
179	711	2.57258
179	725	2.51534
179	786	3.06673
179	860	2.84602
179	930	3.29731
180	22	2.78127
180	46	2.77947
180	64	2.77763
180	68	2.77651
180	83	2.77637
180	172	2.77698
180	353	2.26274
181	40	1.85203
181	450	2.12997
181	822	2.89762
181	878	2.76118
181	919	2.88938
181	933	2.64245
181	968	3.35128
182	61	1.91313
182	290	2.50156
182	308	2.54156
182	322	2.54156
182	360	2.43697
182	429	2.08554
182	550	2.64824
183	152	1.83243
183	246	2.46617
183	309	2.37528
183	337	2.46667
183	345	2.35359
183	427	2.12186
183	523	3.05949
184	136	1.18836
184	262	2.87954
184	607	3.28436
184	634	3.28436
184	697	3.79925
184	770	3.40546
184	890	4.68722
185	165	2.32577
185	372	2.3023
185	376	1.80269
185	505	2.47629
185	513	2.45311
185	641	2.60029
185	771	2.71425
186	60	2.78046
186	82	2.77866
186	116	2.77682
186	157	2.7757
186	166	2.77555
186	215	2.77698
186	699	3.64829
187	9	2.78046
187	35	2.77866
187	52	2.77682
187	54	2.7757
187	75	2.77555
187	192	2.77698
187	583	2.7
188	29	2.78127
188	48	2.77947
188	98	2.77763
188	104	2.77651
188	111	2.77637
188	177	2.77698
188	720	3.64829
189	30	2.78046
189	41	2.77866
189	47	2.77682
189	76	2.7757
189	133	2.77555
189	191	2.77698
189	757	3.64829
190	325	2.3208
190	437	2.6274
190	445	2.80868
190	545	2.85865
190	630	2.95148
190	721	3.12109
190	817	4.15692
191	30	2.78127
191	41	2.77947
191	47	2.77763
191	76	2.77651
191	77	1.85203
191	133	2.77637
191	189	2.77698
192	9	2.78127
192	35	2.77947
192	52	2.77763
192	54	2.77651
192	75	2.77637
192	187	2.77698
192	648	3.16228
193	118	2.17446
193	122	2.76048
193	233	3.37317
193	274	2.78496
193	303	2.78558
193	313	2.78635
193	881	4.68722
194	387	1.75396
194	600	2.48745
194	602	2.48694
194	628	2.48681
194	652	2.48705
194	662	2.48755
194	675	2.48814
195	28	2.20379
195	50	1.85203
195	393	2.72973
195	453	2.91333
195	538	2.59558
195	593	3.11611
195	632	3.11668
196	39	1.85203
196	692	2.27372
196	784	2.66681
196	800	3.10869
196	844	2.61316
196	853	3.20851
196	871	2.80735
197	15	2.78127
197	26	2.77947
197	49	2.77763
197	57	2.77651
197	66	2.77637
197	130	2.77698
197	938	2.45505
198	707	2.15243
198	743	2.07288
198	792	2.29676
198	814	2.03235
198	817	2.27664
198	912	2.91774
198	920	2.91818
199	824	2.23376
199	850	2.30423
199	891	2.22291
199	895	2.3039
199	913	2.3907
199	961	2.39104
199	979	2.81977
200	700	2.57097
200	730	2.57154
200	731	2.57137
200	861	4.68722
200	881	2.86667
200	909	3.04534
200	914	3.04576
201	413	2.48782
201	475	2.77747
201	527	2.67017
201	609	2.89769
201	613	3.16228
201	681	2.8748
201	760	2.96313
202	142	1.85203
202	238	2.38791
202	259	2.82154
202	333	2.76154
202	378	2.81073
202	456	2.95851
202	547	2.93987
203	43	1.66455
203	347	2.40964
203	357	2.27461
203	358	2.46416
203	529	2.55256
203	629	2.65169
203	660	2.65221
204	77	2.89391
204	112	2.41241
204	134	2.89278
204	155	2.40891
204	254	3.02616
204	263	3.0268
204	390	1.5728
205	149	1.85203
205	160	2.66549
205	212	2.66358
205	258	2.83518
205	275	2.8353
205	278	2.83591
205	411	2.83665
206	123	2.31818
206	320	2.4238
206	424	2.00063
206	436	2.42169
206	438	2.39926
206	568	2.56183
206	569	2.56228
207	21	1.81935
207	252	2.04133
207	261	2.49447
207	329	2.49447
207	468	2.60397
207	534	2.60462
207	570	2.60529
208	592	2.23416
208	749	3.64829
208	815	2.69232
208	831	2.69267
208	845	2.69318
208	872	3.17103
208	874	3.17157
209	703	1.87828
209	856	2.20195
209	929	2.29555
209	963	2.66955
209	978	2.45293
209	984	2.73397
209	988	2.45365
210	454	1.86886
210	623	3.16228
210	792	2.76661
210	814	2.5022
210	817	2.74649
210	912	3.38759
210	920	3.38803
211	782	1.97021
211	940	2.56309
211	958	2.24892
211	965	2.40544
211	970	2.40577
211	989	2.40619
211	1000	2.65934
212	88	2.66425
212	205	2.66358
212	258	2.83316
212	275	2.83328
212	278	2.83389
212	396	2.26274
212	411	2.83463
213	32	1.85203
213	573	2.10455
213	724	2.38005
213	867	2.80118
213	882	2.80131
213	945	3.21408
213	971	3.37529
214	249	2.21652
214	288	2.31782
214	399	1.86128
214	469	2.49303
214	470	2.50748
214	620	2.57106
214	766	2.72214
215	60	2.78127
215	82	2.77947
215	116	2.77763
215	157	2.77651
215	166	2.77637
215	186	2.77698
215	841	4.15692
216	12	2.78046
216	56	2.77866
216	78	2.77682
216	90	2.7757
216	164	2.77555
216	225	2.77698
216	543	2.7
217	285	2.26274
217	689	2.0975
217	849	2.68215
217	858	3.00361
217	861	2.76407
217	926	3.24171
217	962	2.87781
218	18	2.78046
218	58	2.77866
218	97	2.77682
218	136	2.7757
218	150	2.77555
218	221	2.77698
218	825	1.18033
219	119	2.70394
219	135	2.13958
219	253	2.26274
219	302	2.66628
219	431	3.33765
219	526	2.90977
219	532	2.91029
220	62	2.17728
220	95	1.68633
220	465	2.46246
220	479	2.95341
220	502	2.46202
220	509	2.4626
220	511	2.46332
221	18	2.78127
221	58	2.77947
221	97	2.77763
221	136	2.77651
221	150	2.77637
221	218	2.77698
221	773	3.64829
222	5	2.78046
222	7	2.77866
222	27	2.77682
222	107	2.7757
222	151	2.77555
222	228	2.77698
222	711	3.64829
223	232	1.87798
223	558	1.88082
223	603	2.46215
223	623	2.39888
223	672	2.46073
223	733	2.61938
223	738	2.99772
224	3	2.78127
224	8	2.77947
224	11	2.77763
224	55	2.77651
224	72	2.77637
224	79	2.77698
224	877	1.68848
225	12	2.78127
225	56	2.77947
225	78	2.77763
225	90	2.77651
225	164	2.77637
225	216	2.77698
225	545	2.7
226	118	2.17446
226	122	2.76048
226	233	3.37317
226	274	2.78496
226	303	2.78558
226	313	2.78635
226	381	2.26274
227	94	1.94126
227	457	2.69849
227	565	2.62666
227	610	2.8125
227	611	3.16228
227	705	3.04935
227	810	3.55867
228	5	2.78127
228	7	2.77947
228	27	2.77763
228	107	2.77651
228	151	2.77637
228	222	2.77698
228	785	1.93251
229	115	2.18984
229	389	2.71438
229	467	2.94101
229	497	2.94112
229	527	2.7
229	539	2.94162
229	552	2.94227
230	80	2.27082
230	154	2.10036
230	241	2.34631
230	666	3.16228
230	682	2.75122
230	851	3.53584
230	917	3.67235
231	542	1.93873
231	645	2.11421
231	656	2.17378
231	719	2.33421
231	826	2.45085
231	886	2.60581
231	931	3.05724
232	141	1.86537
232	223	1.87798
232	558	2.28532
232	603	2.86665
232	623	2.80338
232	672	2.86523
232	686	2.80432
232	733	3.02388
233	118	2.94395
233	193	3.37317
233	226	3.37317
233	274	3.55445
233	303	3.55507
233	313	3.55584
233	788	4.15692
233	903	1.37128
234	265	2.41138
234	451	2.58179
234	464	2.69189
234	544	2.67896
234	781	4.15692
234	820	3.15703
234	946	3.43707
234	955	3.43749
235	22	2.26274
235	169	2.78139
235	242	2.52387
235	366	2.91449
235	370	2.9136
235	503	3.08238
235	541	3.08251
235	576	3.08291
236	34	2.6489
236	87	2.22764
236	111	2.26274
236	272	2.53326
236	426	2.83457
236	595	3.19081
236	604	3.19131
236	746	3.73867
237	85	2.52533
237	139	2.52586
237	346	2.22898
237	382	2.22803
237	392	2.64766
237	412	2.64739
237	490	2.78926
237	515	2.78967
238	146	2.48217
238	202	2.38791
238	259	2.61783
238	378	2.60702
238	418	2.6152
238	432	2.15953
238	456	2.7548
238	547	2.73616
239	292	2.26274
239	368	2.4193
239	525	2.36367
239	753	2.92893
239	754	2.88759
239	821	2.98565
239	953	3.54917
239	960	3.23111
240	517	2.51604
240	525	2.40592
240	601	2.67367
240	753	2.97117
240	754	2.92984
240	940	2.61916
240	953	3.59142
240	960	3.27336
241	137	2.23467
241	230	2.34631
241	314	2.26274
241	414	2.46278
241	627	2.81747
241	768	3.03632
241	851	3.66807
241	917	3.80459
242	169	2.36178
242	235	2.52387
242	330	2.52323
242	366	2.49489
242	370	2.494
242	503	2.66278
242	541	2.66291
242	576	2.6633
243	715	2.26659
243	762	2.29175
243	775	2.28557
243	870	2.58746
243	904	2.56076
243	950	2.71691
243	987	2.83583
243	993	2.83618
244	288	2.76772
244	311	3.2597
244	399	2.31118
244	469	2.94293
244	470	2.95738
244	691	2.96506
244	766	3.17204
244	925	2.11337
245	7	2.26274
245	349	2.88657
245	350	2.91219
245	422	2.91219
245	425	2.4928
245	482	3.05537
245	500	3.05599
245	543	3.05662
246	132	2.9724
246	152	2.46759
246	183	2.46617
246	345	2.98875
246	406	3.01064
246	427	2.75702
246	523	3.69465
246	888	4.68722
247	510	2.35562
247	657	2.46441
247	700	2.71093
247	871	4.68722
247	881	3.00663
247	909	3.1853
247	914	3.18572
247	925	3.46297
248	81	2.51226
248	106	2.98293
248	128	2.50979
248	167	2.98154
248	292	3.12332
248	318	3.1238
248	388	3.12447
248	636	3.16228
249	173	2.26274
249	214	2.21652
249	288	2.76823
249	311	3.26021
249	470	2.95789
249	620	3.02147
249	691	2.96557
249	766	3.17255
250	24	2.40114
250	89	2.26293
250	158	2.37433
250	563	2.97305
250	567	2.73125
250	836	3.75309
250	840	1.85983
250	898	3.87739
251	407	2.21238
251	772	2.7228
251	803	2.88586
251	804	3.0662
251	848	4.15692
251	877	3.3842
251	890	2.87357
251	995	3.23067
252	21	2.0434
252	23	2.34456
252	207	2.04133
252	261	2.71852
252	329	2.71852
252	468	2.82801
252	534	2.82866
252	570	2.82933
253	110	2.37392
253	219	2.26274
253	379	3.1147
253	385	2.55037
253	398	3.18489
253	493	3.11072
253	533	3.21664
253	580	2.8257
254	77	3.02866
254	112	2.54716
254	134	3.02753
254	155	2.54366
254	173	3.02616
254	204	3.02616
254	263	3.16154
254	702	3.64829
255	305	2.51178
255	316	2.92856
255	321	2.92909
255	326	2.92833
255	328	2.92868
255	455	3.07337
255	560	3.07393
255	934	3.17674
256	453	2.7
256	670	2.08583
256	718	2.49221
256	789	2.58693
256	910	3.40112
256	932	3.40112
256	936	2.98169
256	992	3.41043
257	70	2.27984
257	294	2.20099
257	732	3.64829
257	759	2.88303
257	795	3.39179
257	805	3.04343
257	847	3.04387
257	857	3.52163
258	88	2.83585
258	160	2.83507
258	205	2.83518
258	212	2.83316
258	275	3.00488
258	278	3.00549
258	411	3.00623
258	956	2.40053
259	146	2.9158
259	202	2.82154
259	238	2.61783
259	418	3.04883
259	432	2.59316
259	456	3.18843
259	547	3.16979
259	739	3.64829
260	592	2.43138
260	641	3.16228
260	676	2.51644
260	815	2.88954
260	831	2.8899
260	845	2.89041
260	872	3.36825
260	874	3.36879
261	21	2.49654
261	23	2.7977
261	207	2.49447
261	252	2.71852
261	468	3.28115
261	534	3.2818
261	570	3.28247
261	647	3.16228
262	184	2.87954
262	396	2.62804
262	561	2.68046
262	607	2.88595
262	634	2.88595
262	697	3.40084
262	770	3.00705
262	855	4.68722
263	77	3.02929
263	112	2.54779
263	134	3.02816
263	155	2.54429
263	173	3.0268
263	204	3.0268
263	254	3.16154
263	901	4.68722
264	69	1.79331
264	549	2.0602
264	624	2.62389
264	653	2.54339
264	693	2.75555
264	717	3.09011
264	745	2.756
264	747	2.75647
265	105	2.35843
265	234	2.41138
265	642	2.64977
265	794	2.07846
265	820	3.00571
265	840	3.35804
265	946	3.28575
265	955	3.28617
266	44	2.56046
266	66	2.26274
266	86	2.55943
266	168	2.55785
266	283	3.17159
266	344	3.1714
266	386	3.17179
266	409	3.17243
267	356	2.09096
267	704	3.64829
267	716	2.51591
267	796	2.75068
267	873	2.93391
267	949	3.10842
267	956	3.43754
267	985	3.53742
268	499	2.7
268	564	2.70685
268	600	2.94492
268	602	2.94441
268	628	2.94429
268	652	2.94452
268	662	2.94502
268	675	2.94561
269	660	3.16228
269	669	2.56265
269	755	3.00101
269	777	2.6603
269	783	3.19956
269	852	2.98501
269	855	2.98536
269	883	2.98579
270	492	2.7
270	499	2.40964
270	536	2.15733
270	611	2.79536
270	790	2.98761
270	797	3.00998
270	865	3.5404
270	905	3.4882
271	16	2.38254
271	115	2.40883
271	273	2.26274
271	389	2.93336
271	467	3.15999
271	497	3.1601
271	539	3.16061
271	552	3.16126
272	34	2.24091
272	87	1.81965
272	236	2.53326
272	391	2.4488
272	426	2.42658
272	595	2.78282
272	604	2.78332
272	746	3.33068
273	271	2.26274
273	728	2.76373
273	767	2.35386
273	803	2.8956
273	843	2.83189
273	877	3.39394
273	890	2.88332
273	995	3.24042
274	118	2.35573
274	122	2.94175
274	193	2.78496
274	226	2.78496
274	233	3.55445
274	275	2.26274
274	303	2.96686
274	313	2.96762
275	88	2.83596
275	160	2.83518
275	205	2.8353
275	212	2.83328
275	258	3.00488
275	274	2.26274
275	278	3.00561
275	411	3.00635
276	305	2.51178
276	316	2.92856
276	321	2.92909
276	326	2.92833
276	328	2.92868
276	455	3.07337
276	560	3.07393
276	665	3.16228
277	690	2.5396
277	722	3.02631
277	806	2.78518
277	818	2.75242
277	825	3.11803
277	918	2.97706
277	970	5.80948
277	982	3.15683
278	88	2.83658
278	159	2.26274
278	160	2.8358
278	205	2.83591
278	212	2.83389
278	258	3.00549
278	275	3.00561
278	411	3.00696
279	646	2.60498
279	702	2.74875
279	832	2.95814
279	869	3.00188
279	902	3.00273
279	908	2.92844
279	954	3.12932
279	960	5.23832
280	646	2.23007
280	655	2.22177
280	702	2.37384
280	832	2.58323
280	869	2.62697
280	875	2.96325
280	902	2.62782
280	954	2.75441
281	14	2.59474
281	161	2.16343
281	301	2.34504
281	365	2.34415
281	375	2.77546
281	423	2.34334
281	518	2.90582
281	582	2.90631
282	361	2.44388
282	404	2.79073
282	439	3.02005
282	444	2.63936
282	622	3.1597
282	625	3.16021
282	658	3.16081
282	816	2.28382
283	44	2.55958
283	86	2.55854
283	168	2.55696
283	266	3.17159
283	344	3.17051
283	386	3.1709
283	409	3.17154
283	916	2.82452
284	165	2.88147
284	285	2.82447
284	372	2.858
284	376	2.35839
284	505	3.032
284	641	3.156
284	746	2.0295
284	771	3.26996
285	63	2.2019
285	217	2.26274
285	284	2.82447
285	372	2.99592
285	376	2.49631
285	513	3.14673
285	641	3.29391
285	771	3.40788
286	503	2.7
286	704	2.64511
286	740	2.68768
286	774	2.70115
286	897	2.96497
286	901	2.96544
286	906	2.96598
286	944	3.41741
287	339	2.43262
287	380	2.43262
287	461	2.58878
287	501	2.58796
287	507	2.58758
287	514	2.58768
287	537	2.58813
287	575	2.58873
288	214	2.31782
288	244	2.76772
288	249	2.76823
288	469	3.04474
288	541	2.7
288	620	3.12277
288	691	3.06687
288	766	3.27385
289	2	1.5876
289	296	2.24701
289	416	1.93553
289	586	2.50367
289	723	2.93008
289	734	2.93034
289	752	2.79471
289	862	3.44883
290	61	2.52774
290	96	2.26274
290	182	2.50156
290	308	3.15616
290	322	3.15616
290	360	3.05158
290	429	2.70014
290	550	3.26285
291	17	2.26274
291	364	2.02361
291	849	2.81436
291	858	3.13583
291	861	2.89629
291	876	3.10237
291	926	3.37393
291	962	3.01003
292	81	2.51221
292	106	2.98288
292	128	2.50973
292	167	2.98149
292	239	2.26274
292	248	3.12332
292	318	3.12374
292	388	3.12441
293	474	2.7
293	794	2.61807
293	911	3.03551
293	927	2.70341
293	964	2.8628
293	986	2.86323
293	990	3.133
293	998	3.13339
294	257	2.20099
294	584	2.19257
294	722	0.877054
294	759	2.8989
294	795	3.40766
294	805	3.0593
294	847	3.05974
294	857	3.5375
295	38	2.07553
295	125	1.98345
295	428	2.57303
295	551	2.8449
295	566	2.7
295	599	3.11422
295	941	3.70184
295	942	4.06866
296	147	1.85144
296	289	2.24701
296	586	2.83443
296	597	3.16228
296	723	3.26084
296	734	3.2611
296	752	3.12547
296	862	3.77958
297	421	2.39235
297	463	2.92004
297	520	2.9176
297	535	2.88113
297	605	3.08913
297	650	3.0894
297	664	3.08984
297	942	1.92639
298	374	1.80901
298	704	2.38836
298	740	2.43093
298	774	2.4444
298	897	2.70821
298	901	2.70869
298	906	2.70923
298	944	3.16065
299	363	2.26274
299	588	2.88603
299	736	3.64829
299	809	3.50944
299	844	3.17547
299	853	3.77081
299	871	3.36965
299	907	3.65084
300	92	1.6604
300	546	2.27084
300	587	2.52193
300	695	2.67041
300	696	2.73479
300	714	2.9584
300	758	2.73486
300	839	2.82254
301	14	2.59372
301	161	2.16241
301	281	2.34504
301	365	2.34314
301	375	2.77444
301	423	2.34232
301	518	2.9048
301	582	2.90529
302	42	2.66782
302	119	2.79653
302	126	2.79371
302	219	2.66628
302	431	3.43024
302	526	3.00236
302	532	3.00287
302	953	2.40053
303	118	2.35636
303	122	2.94238
303	193	2.78558
303	226	2.78558
303	233	3.55507
303	274	2.96686
303	313	2.96825
303	940	2.61916
304	164	2.26274
304	312	2.93194
304	341	2.87542
304	408	2.45883
304	442	3.05934
304	460	2.67272
304	638	3.19336
304	647	3.19388
305	255	2.51178
305	276	2.51178
305	316	2.50846
305	321	2.509
305	326	2.50824
305	328	2.50859
305	455	2.65328
305	560	2.65384
306	1	2.11667
306	114	2.45471
306	171	2.00633
306	410	2.6774
306	491	2.77028
306	504	2.81886
306	559	2.83764
306	574	2.67556
307	70	1.97782
307	516	2.14168
307	584	1.87469
307	759	2.58102
307	795	3.08978
307	805	2.74141
307	847	2.74186
307	857	3.21962
308	61	2.56774
308	108	2.95702
308	182	2.54156
308	290	3.15616
308	360	3.09158
308	429	2.74014
308	550	3.30285
308	782	4.15692
309	132	2.88151
309	183	2.37528
309	337	3.01095
309	345	2.89786
309	406	2.91975
309	427	2.66613
309	523	3.60376
309	742	3.64829
310	97	2.26274
310	900	2.92533
310	921	2.74898
310	951	2.79683
310	973	3.16076
310	975	2.90441
310	980	2.90488
310	997	2.90534
311	244	3.2597
311	249	3.26021
311	399	2.90497
311	512	2.7
311	620	3.61475
311	691	3.55884
311	766	3.76583
311	830	0.0268785
312	140	2.69267
312	304	2.93194
312	408	2.49199
312	460	2.70588
312	485	3.08787
312	638	3.22651
312	647	3.22703
312	937	1.92639
313	118	2.35712
313	122	2.94314
313	193	2.78635
313	226	2.78635
313	233	3.55584
313	274	2.96762
313	303	2.96825
313	935	2.40053
314	96	1.90739
314	241	2.26274
314	911	3.15297
314	927	2.82088
314	964	2.98027
314	986	2.98069
314	990	3.25046
314	998	3.25085
315	462	1.88688
315	690	2.238
315	722	2.7247
315	806	2.48358
315	818	2.45082
315	918	2.67545
315	934	3.0446
315	982	2.85523
316	255	2.92856
316	276	2.92856
316	305	2.50846
316	321	2.92577
316	328	2.92536
316	455	3.07005
316	560	3.07061
316	761	3.64829
317	334	2.8772
317	358	2.26274
317	361	2.46876
317	404	2.81561
317	444	2.66425
317	622	3.18458
317	625	3.18509
317	658	3.18569
318	81	2.51269
318	106	2.98336
318	128	2.51021
318	167	2.98197
318	248	3.1238
318	292	3.12374
318	388	3.12489
318	393	2.26274
319	38	1.67046
319	156	1.60803
319	428	2.16795
319	551	2.43983
319	599	2.70914
319	640	2.80229
319	941	3.29676
319	942	3.66359
320	90	2.26274
320	176	2.82318
320	206	2.4238
320	424	2.63726
320	436	3.05831
320	438	3.03588
320	568	3.19846
320	569	3.19891
321	145	2.26274
321	255	2.92909
321	276	2.92909
321	305	2.509
321	316	2.92577
321	326	2.92555
321	455	3.07059
321	560	3.07115
322	61	2.56774
322	108	2.95702
322	182	2.54156
322	290	3.15616
322	329	2.26274
322	360	3.09158
322	429	2.74014
322	550	3.30285
323	411	2.26274
323	631	2.37346
323	822	3.02208
323	863	2.82672
323	878	2.88564
323	919	3.01385
323	933	2.76691
323	968	3.47575
324	109	2.26274
324	419	2.37848
324	542	2.56115
324	645	2.73663
324	694	2.8386
324	719	2.95663
324	886	3.22823
324	931	3.67965
325	148	1.98737
325	190	2.3208
325	437	2.52677
325	445	2.70806
325	473	2.7222
325	545	2.75803
325	585	2.34318
325	721	3.02047
326	255	2.92833
326	276	2.92833
326	305	2.50824
326	321	2.92555
326	328	2.92514
326	348	2.26274
326	455	3.06983
326	560	3.07039
327	127	2.25121
327	450	2.47023
327	465	2.7
327	594	2.64562
327	878	3.10144
327	919	3.22965
327	933	2.98271
327	968	3.69155
328	134	2.26274
328	255	2.92868
328	276	2.92868
328	305	2.50859
328	316	2.92536
328	326	2.92514
328	455	3.07018
328	560	3.07073
329	21	2.49654
329	23	2.7977
329	207	2.49447
329	252	2.71852
329	322	2.26274
329	468	3.28115
329	534	3.2818
329	570	3.28247
330	169	2.78074
330	242	2.52323
330	366	2.91385
330	370	2.91296
330	503	3.08174
330	541	3.08187
330	576	3.08226
330	618	3.16228
331	513	2.7
331	742	2.71687
331	778	2.82164
331	793	3.19846
331	827	2.82114
331	834	2.82898
331	884	2.99377
331	894	2.99414
332	13	2.26274
332	394	2.56711
332	477	2.80482
332	480	2.4923
332	554	2.46105
332	636	3.0203
332	661	3.11004
332	947	3.94366
333	146	2.85581
333	202	2.76154
333	378	2.98065
333	418	2.98884
333	432	2.53317
333	456	3.12844
333	467	2.7
333	547	3.10979
334	76	2.26274
334	317	2.8772
334	361	2.42793
334	439	3.00409
334	444	2.62341
334	622	3.14374
334	625	3.14425
334	658	3.14485
335	588	2.35514
335	784	2.69822
335	800	3.1401
335	809	2.97855
335	839	4.15692
335	853	3.23993
335	871	2.83876
335	907	3.11995
336	703	2.02789
336	856	2.35155
336	929	2.44516
336	938	2.66437
336	972	2.80671
336	978	2.60254
336	984	2.88358
336	988	2.60326
337	132	2.9729
337	152	2.46809
337	183	2.46667
337	309	3.01095
337	345	2.98925
337	427	2.75753
337	523	3.69516
337	533	2.7
338	940	2.99863
338	958	2.68447
338	965	2.84099
338	970	2.84132
338	988	5.80948
338	989	2.84174
338	996	3.04269
338	1000	3.09489
339	287	2.43262
339	461	2.99066
339	501	2.98984
339	507	2.98946
339	514	2.98956
339	537	2.99002
339	575	2.99061
339	979	2.45497
340	443	1.86823
340	564	2.7
340	769	2.32035
340	879	3.11682
340	910	3.36484
340	932	3.36484
340	936	2.94542
340	992	3.37416
341	304	2.87542
341	408	2.43547
341	442	3.03597
341	460	2.64936
341	485	3.03136
341	638	3.17
341	647	3.17052
341	962	5.23832
342	651	3.16228
342	718	2.37101
342	769	2.23542
342	879	3.03189
342	910	3.27991
342	932	3.27991
342	936	2.86049
342	992	3.28923
343	94	1.9794
343	348	2.47305
343	546	2.7
343	598	2.92218
343	610	2.85064
343	705	3.08749
343	776	3.46892
343	810	3.5968
344	44	2.55939
344	86	2.55835
344	168	2.55677
344	266	3.1714
344	283	3.17051
344	386	3.17072
344	409	3.17135
344	655	3.16228
345	183	2.35359
345	246	2.98875
345	309	2.89786
345	337	2.98925
345	406	2.89805
345	427	2.64444
345	523	3.58207
345	800	2.57958
346	85	2.52432
346	139	2.52486
346	237	2.22898
346	382	2.22703
346	392	2.64665
346	412	2.64638
346	490	2.78825
346	515	2.78867
347	43	2.4285
347	162	2.33819
347	203	2.40964
347	357	3.03856
347	415	2.26274
347	529	3.31651
347	629	3.41564
347	660	3.41615
348	326	2.26274
348	343	2.47305
348	565	2.55027
348	598	2.80764
348	610	2.73611
348	705	2.97296
348	776	3.35439
348	810	3.48227
349	245	2.88657
349	350	2.91024
349	422	2.91024
349	425	2.49085
349	482	3.05342
349	500	3.05404
349	543	3.05467
349	772	3.64829
350	13	2.77526
350	245	2.91219
350	349	2.91024
350	425	2.51647
350	482	3.07904
350	500	3.07965
350	543	3.08029
350	745	3.64829
351	92	2.05925
351	546	2.66969
351	608	3.16228
351	654	2.79383
351	696	3.13365
351	714	3.35726
351	758	3.13372
351	839	3.2214
352	510	2.7
352	597	2.26889
352	806	2.77819
352	818	2.74543
352	825	3.11104
352	918	2.97007
352	934	3.33922
352	982	3.14984
353	180	2.26274
353	590	2.67037
353	701	2.69349
353	742	2.77375
353	793	3.25534
353	834	2.88586
353	884	3.05065
353	894	3.05102
354	517	2.1091
354	601	2.26673
354	679	2.21679
354	753	2.56424
