1	4	2.78295
1	5	2.78111
1	30	1.85203
1	83	2.77999
1	135	2.77984
1	197	2.78046
1	199	2.78127
2	38	2.12317
2	159	2.12176
2	187	2.12037
2	219	2.11945
2	245	2.73526
2	261	2.73557
2	359	2.73614
3	43	2.78295
3	45	2.78111
3	97	2.77999
3	102	2.77984
3	172	2.78046
3	227	2.78127
3	981	2.00661
4	1	2.78295
4	5	2.77932
4	83	2.7782
4	135	2.77805
4	197	2.77866
4	199	2.77947
4	552	3.16228
5	1	2.78111
5	4	2.77932
5	83	2.77636
5	135	2.77621
5	197	2.77682
5	199	2.77763
5	735	0.660866
6	44	1.98205
6	118	2.47258
6	123	2.47258
6	167	1.97846
6	244	2.5946
6	336	2.59515
6	362	2.59583
7	17	2.78171
7	176	2.77997
7	213	2.3162
7	264	2.93233
7	283	2.93289
7	363	2.93358
7	873	1.46671
8	18	2.78295
8	87	2.78111
8	153	2.77999
8	204	2.77984
8	216	2.78046
8	218	2.78127
8	306	2.26274
9	332	2.40712
9	388	2.40604
9	404	2.96621
9	444	2.96618
9	463	2.7
9	509	2.96652
9	522	2.967
10	25	2.78295
10	46	2.78111
10	107	2.77999
10	145	2.77984
10	171	2.78046
10	193	2.78127
10	553	3.16228
11	131	2.42479
11	202	2.31824
11	208	1.91893
11	296	2.11918
11	354	2.55089
11	429	2.68083
11	521	2.68134
12	177	2.37182
12	190	1.89868
12	214	2.37043
12	265	2.51226
12	282	2.51221
12	350	2.51269
12	393	2.51335
13	16	2.78295
13	24	2.78111
13	32	2.77999
13	70	2.77984
13	152	2.78046
13	226	2.78127
13	603	3.16228
14	718	4.15692
14	723	2.3035
14	797	2.56886
14	830	2.61152
14	926	2.80021
14	951	3.18456
14	953	3.18509
15	111	2.77924
15	130	2.31605
15	212	2.77827
15	246	2.93186
15	311	2.9325
15	381	2.93321
15	909	2.02047
16	13	2.78295
16	24	2.77932
16	32	2.7782
16	70	2.77805
16	152	2.77866
16	198	1.85203
16	226	2.77947
17	7	2.78171
17	125	2.78109
17	213	2.31534
17	264	2.93147
17	283	2.93202
17	363	2.93272
17	581	0.163543
18	8	2.78295
18	87	2.77932
18	153	2.7782
18	204	2.77805
18	216	2.77866
18	218	2.77947
18	954	2.73743
19	692	2.11012
19	731	2.19897
19	751	2.23998
19	885	2.52714
19	894	2.54848
19	901	2.52914
19	911	2.53801
20	164	1.85926
20	229	2.47375
20	234	2.47234
20	254	2.47149
20	329	2.47135
20	341	2.47176
20	373	2.4724
21	473	2.47992
21	488	2.47743
21	526	2.7
21	527	3.1154
21	601	2.68601
21	610	2.68642
21	645	3.23374
22	55	2.41603
22	108	2.41626
22	158	1.933
22	200	2.41415
22	206	2.41361
22	361	2.54753
22	372	2.54805
23	33	2.78295
23	71	2.78111
23	80	2.77999
23	105	2.77984
23	196	2.78046
23	224	2.78127
23	437	2.7
24	13	2.78111
24	16	2.77932
24	32	2.77636
24	70	2.77621
24	152	2.77682
24	226	2.77763
24	243	2.26274
25	10	2.78295
25	46	2.77932
25	107	2.7782
25	145	2.77805
25	171	2.77866
25	193	2.77947
25	785	4.15692
26	28	2.78295
26	31	2.78111
26	48	2.77999
26	168	2.77984
26	180	2.78046
26	205	2.78127
26	738	4.15692
27	47	2.78295
27	117	2.78111
27	120	2.77999
27	134	2.77984
27	179	2.78046
27	186	2.78127
27	836	2.29112
28	26	2.78295
28	31	2.77932
28	48	2.7782
28	168	2.77805
28	180	2.77866
28	205	2.77947
28	878	1.95055
29	352	1.73672
29	371	1.9021
29	530	2.34974
29	650	2.54546
29	701	2.54573
29	708	2.5462
29	780	3.05537
30	1	1.85203
30	352	1.99457
30	581	2.94714
30	650	2.80331
30	701	2.80357
30	708	2.80405
30	780	3.31322
31	26	2.78111
31	28	2.77932
31	48	2.77636
31	168	2.77621
31	180	2.77682
31	205	2.77763
31	331	2.26274
32	13	2.77999
32	16	2.7782
32	24	2.77636
32	70	2.77509
32	152	2.7757
32	226	2.77651
32	527	1.15715
33	23	2.78295
33	71	2.77932
33	80	2.7782
33	105	2.77805
33	196	2.77866
33	224	2.77947
33	904	0.926013
34	64	2.47503
34	109	2.47372
34	122	1.85203
34	203	2.47107
34	289	3.08686
34	305	3.08717
34	356	3.08774
35	37	2.78295
35	67	2.78111
35	99	2.77999
35	106	2.77984
35	174	2.78046
35	185	2.78127
35	880	2.19517
36	77	2.56783
36	79	2.4992
36	101	2.4992
36	174	1.85203
36	431	2.92961
36	548	3.10128
36	633	3.10256
37	35	2.78295
37	67	2.77932
37	99	2.7782
37	106	2.77805
37	174	2.77866
37	185	2.77947
37	859	4.68722
38	2	2.12317
38	159	2.12094
38	187	2.11956
38	219	2.11864
38	245	2.73445
38	261	2.73475
38	359	2.73533
39	796	2.34402
39	827	2.12513
39	840	2.28369
39	919	2.46486
39	920	2.46124
39	931	2.4616
39	944	2.52679
40	202	1.85203
40	799	2.58893
40	843	2.58828
40	859	2.70535
40	915	2.89671
40	946	2.83901
40	985	3.06531
41	450	2.12879
41	539	2.28764
41	545	2.40648
41	582	2.32424
41	583	2.29305
41	586	2.78147
41	642	2.45388
42	396	2.32224
42	410	2.04684
42	430	2.44834
42	440	2.43005
42	461	2.4282
42	462	2.44574
42	599	2.56383
43	3	2.78295
43	45	2.77932
43	97	2.7782
43	102	2.77805
43	172	2.77866
43	227	2.77947
43	737	4.15692
44	6	1.98205
44	118	2.47103
44	123	2.47103
44	167	1.97692
44	244	2.59306
44	336	2.5936
44	362	2.59429
45	3	2.78111
45	43	2.77932
45	97	2.77636
45	102	2.77621
45	172	2.77682
45	227	2.77763
45	726	4.15692
46	10	2.78111
46	25	2.77932
46	107	2.77636
46	145	2.77621
46	171	2.77682
46	193	2.77763
46	983	5.80948
47	27	2.78295
47	117	2.77932
47	120	2.7782
47	134	2.77805
47	179	2.77866
47	186	2.77947
47	307	2.26274
48	26	2.77999
48	28	2.7782
48	31	2.77636
48	168	2.77509
48	180	2.7757
48	205	2.77651
48	579	3.16228
49	98	1.9815
49	182	1.9815
49	288	2.23954
49	328	2.23929
49	345	2.71924
49	358	2.71924
49	496	2.8035
50	116	2.57805
50	121	2.57684
50	139	2.57551
50	178	2.57398
50	243	3.19021
50	270	3.19067
50	910	2.21498
51	663	1.76101
51	915	2.25332
51	946	2.19561
51	973	2.67614
51	974	2.67646
51	977	2.67687
51	985	2.42191
52	762	2.07492
52	802	2.15663
52	909	2.63275
52	929	2.27404
52	933	2.64639
52	966	2.44678
52	992	2.4475
53	838	2.7621
53	887	2.63858
53	906	2.63894
53	922	2.63939
53	936	2.89849
53	957	2.90474
53	981	3.06862
54	605	1.79678
54	818	2.20085
54	881	2.37183
54	888	2.37166
54	924	2.3718
54	925	2.76986
54	993	2.80086
55	22	2.41603
55	108	2.89691
55	158	2.41365
55	206	2.89426
55	361	3.02819
55	372	3.02871
55	729	4.15692
56	148	2.21282
56	215	2.26847
56	304	2.38092
56	313	2.38097
56	344	2.37193
56	472	2.52843
56	486	2.52906
57	215	2.63533
57	304	2.74778
57	313	2.74784
57	344	2.73879
57	472	2.89529
57	486	2.89593
57	883	2.30849
58	63	2.11124
58	81	1.73105
58	272	2.25911
58	575	2.64686
58	589	2.64703
58	614	2.64748
58	618	2.64805
59	126	2.23429
59	210	2.23304
59	276	2.3579
59	323	2.357
59	403	2.49879
59	416	2.49925
59	501	2.49986
60	160	2.37413
60	228	1.77539
60	247	2.38998
60	269	2.38897
60	339	2.38865
60	389	2.9859
60	401	2.38929
61	272	2.26274
61	290	2.19384
61	469	2.48345
61	537	3.00176
61	560	3.00154
61	579	3.00173
61	616	3.00223
62	783	4.15692
62	832	2.67782
62	880	2.81581
62	958	2.73573
62	959	2.97032
62	983	2.73641
62	998	2.73684
63	58	2.11124
63	360	2.28927
63	575	3.06628
63	589	3.06644
63	614	3.0669
63	618	3.06747
63	970	1.21159
64	34	2.47503
64	109	1.98045
64	175	2.47318
64	203	1.9778
64	289	2.59359
64	305	2.5939
64	356	2.59447
65	711	3.64829
65	744	2.46811
65	808	2.65539
65	826	2.65573
65	863	2.65617
65	874	3.10755
65	943	3.10798
66	82	1.85203
66	181	2.24802
66	334	2.53862
66	405	2.68063
66	425	3.02898
66	458	2.98752
66	625	3.19979
67	35	2.78111
67	37	2.77932
67	99	2.77636
67	106	2.77621
67	174	2.77682
67	185	2.77763
67	465	2.7
68	339	2.26274
68	451	2.2297
68	523	2.49207
68	595	2.73031
68	651	2.90245
68	682	2.90286
68	750	3.4125
69	136	2.0354
69	192	2.03388
69	225	2.03244
69	256	2.64759
69	292	2.64736
69	349	2.64771
69	392	2.64832
70	13	2.77984
70	16	2.77805
70	24	2.77621
70	32	2.77509
70	152	2.77555
70	226	2.77637
70	308	2.26274
71	23	2.78111
71	33	2.77932
71	80	2.77636
71	105	2.77621
71	196	2.77682
71	224	2.77763
71	594	0.975633
72	663	1.78089
72	859	2.08184
72	915	2.2732
72	973	2.69603
72	974	2.69635
72	977	2.69675
72	985	2.4418
73	173	1.85203
73	531	2.57393
73	603	2.67508
73	643	2.83165
73	666	2.83165
73	684	2.81485
73	745	2.92193
74	94	2.31576
74	104	2.77782
74	189	2.77782
74	291	2.93182
74	379	2.93256
74	402	2.93331
74	679	3.64829
75	143	1.85203
75	797	2.43325
75	830	2.47591
75	926	2.6646
75	951	3.04894
75	953	3.04948
75	968	2.97539
76	142	1.94741
76	146	1.94583
76	263	2.56046
76	277	2.55958
76	298	2.55939
76	387	2.55978
76	395	2.56042
77	36	2.56783
77	103	2.38621
77	153	1.85203
77	162	2.38621
77	548	2.9622
77	594	3.40599
77	633	2.96348
78	238	2.14535
78	287	2.14449
78	355	2.14201
78	377	2.14133
78	434	2.70332
78	467	2.70355
78	492	2.704
79	36	2.4992
79	103	2.31758
79	431	2.7219
79	548	2.89357
79	594	3.33736
79	633	2.89485
79	877	5.23832
80	23	2.77999
80	33	2.7782
80	71	2.77636
80	105	2.77509
80	196	2.7757
80	224	2.77651
80	750	2.07846
81	58	1.73105
81	360	1.90907
81	384	2.28927
81	575	2.68608
81	589	2.68625
81	614	2.6867
81	618	2.68727
82	66	1.85203
82	477	2.47401
82	489	2.47695
82	507	2.47626
82	514	2.52767
82	722	3.36778
82	730	3.36835
83	1	2.77999
83	4	2.7782
83	5	2.77636
83	135	2.77509
83	145	1.85203
83	197	2.7757
83	199	2.77651
84	111	2.77924
84	130	2.31605
84	212	2.77827
84	246	2.93186
84	311	2.9325
84	381	2.93321
84	595	3.16228
85	453	2.06556
85	661	2.31656
85	866	2.74952
85	870	2.74994
85	907	3.20134
85	910	3.5866
85	995	2.24961
86	114	2.15606
86	150	2.23559
86	231	2.31514
86	411	2.49539
86	439	2.49564
86	493	2.49623
86	517	2.49691
87	8	2.78111
87	18	2.77932
87	153	2.77636
87	204	2.77621
87	216	2.77682
87	218	2.77763
87	999	2.69938
88	113	1.85203
88	332	2.40712
88	388	2.40604
88	404	2.96621
88	444	2.96618
88	509	2.96652
88	522	2.967
89	216	1.85203
89	221	2.26659
89	293	2.88163
89	294	2.88118
89	346	2.88137
89	383	2.88201
89	399	2.88276
90	574	2.05806
90	640	2.25508
90	683	2.22994
90	688	1.94839
90	752	2.40654
90	813	2.88432
90	839	2.88488
91	94	2.31576
91	104	2.77782
91	189	2.77782
91	291	2.93182
91	379	2.93256
91	402	2.93331
91	446	2.7
92	455	2.7
92	475	2.33319
92	514	2.36674
92	628	2.5082
92	662	3.05513
92	722	3.20685
92	730	3.20742
93	365	2.26274
93	553	2.28599
93	634	2.19911
93	825	3.04174
93	829	2.74577
93	883	3.19715
93	893	3.1977
94	74	2.31576
94	91	2.31576
94	104	2.31272
94	189	2.31272
94	291	2.46672
94	379	2.46746
94	402	2.46821
95	237	2.09718
95	450	2.72361
95	545	3.00131
95	582	2.91906
95	583	2.88787
95	642	3.0487
95	713	3.64829
96	334	1.98514
96	405	2.12714
96	407	2.50922
96	425	2.47549
96	437	2.50855
96	458	2.43404
96	625	2.64631
97	3	2.77999
97	43	2.7782
97	45	2.77636
97	102	2.77509
97	172	2.7757
97	223	1.85203
97	227	2.77651
98	49	1.9815
98	273	2.50639
98	288	2.13218
98	328	2.13193
98	345	2.61188
98	358	2.61188
98	496	2.69614
99	35	2.77999
99	37	2.7782
99	67	2.77636
99	106	2.77509
99	174	2.7757
99	185	2.77651
99	291	2.26274
100	353	1.85608
100	454	2.03056
100	515	2.0305
100	626	2.59047
100	679	2.71644
100	685	2.71697
100	700	2.71751
101	36	2.4992
101	162	2.31758
101	431	2.7219
101	548	2.89357
101	594	3.33736
101	633	2.89485
101	739	4.15692
102	3	2.77984
102	43	2.77805
102	45	2.77621
102	97	2.77509
102	172	2.77555
102	227	2.77637
102	989	5.80948
103	77	2.38621
103	79	2.31758
103	234	2.26274
103	431	2.74798
103	548	2.91965
103	594	3.36345
103	633	2.92093
104	74	2.77782
104	91	2.77782
104	94	2.31272
104	291	2.92879
104	379	2.92953
104	402	2.93028
104	652	3.64829
105	23	2.77984
105	33	2.77805
105	71	2.77621
105	80	2.77509
105	196	2.77555
105	224	2.77637
105	561	3.16228
106	35	2.77984
106	37	2.77805
106	67	2.77621
106	99	2.77509
106	174	2.77555
106	185	2.77637
106	510	2.7
107	10	2.77999
107	25	2.7782
107	46	2.77636
107	145	2.77509
107	171	2.7757
107	193	2.77651
107	792	4.15692
108	22	2.41626
108	55	2.89691
108	158	2.41388
108	200	2.89503
108	361	3.02841
108	372	3.02893
108	741	2.07846
109	34	2.47372
109	64	1.98045
109	175	2.47187
109	203	1.9765
109	289	2.59229
109	305	2.59259
109	356	2.59316
110	224	1.85203
110	561	2.50234
110	573	2.50095
110	705	2.68468
110	740	2.83675
110	763	2.83723
110	841	3.31504
111	15	2.77924
111	84	2.77924
111	130	2.31415
111	246	2.92996
111	311	2.9306
111	381	2.93131
111	496	2.7
112	590	3.16228
112	653	2.70357
112	673	2.68773
112	713	2.68577
112	785	2.86665
112	793	2.86689
112	794	2.86722
113	88	1.85203
113	385	2.41925
113	479	2.48843
113	527	3.12704
113	601	2.69764
113	610	2.69806
113	645	3.24538
114	86	2.15606
114	343	3.13946
114	411	2.84266
114	439	2.84291
114	493	2.8435
114	517	2.84418
114	844	0.180591
115	896	2.38032
115	902	2.16065
115	939	2.16007
115	956	2.64182
115	957	2.59431
115	975	2.37583
115	996	2.37638
116	50	2.57805
116	121	2.06257
116	139	2.06124
116	165	2.57503
116	178	2.0597
116	243	2.67594
116	270	2.6764
117	27	2.78111
117	47	2.77932
117	120	2.77636
117	134	2.77621
117	179	2.77682
117	186	2.77763
117	246	2.26274
118	6	2.47258
118	44	2.47103
118	167	2.46744
118	244	3.08359
118	336	3.08413
118	362	3.08481
118	420	2.7
119	147	2.27583
119	419	2.7
119	526	2.50676
119	689	2.93835
119	691	2.91174
119	715	2.8628
119	798	3.18048
120	27	2.77999
120	47	2.7782
120	117	2.77636
120	134	2.77509
120	179	2.7757
120	186	2.77651
120	218	1.85203
121	50	2.57684
121	116	2.06257
121	139	2.06003
121	165	2.57382
121	178	2.0585
121	243	2.67473
121	270	2.67519
122	34	1.85203
122	451	2.09901
122	595	2.59962
122	651	2.77176
122	682	2.77217
122	698	3.13548
122	750	3.28181
123	6	2.47258
123	44	2.47103
123	167	2.46744
123	244	3.08359
123	336	3.08413
123	362	3.08481
123	972	2.00661
124	726	2.4678
124	756	2.45425
124	819	2.63161
124	822	2.94511
124	862	2.63217
124	935	3.53294
124	968	2.24961
125	17	2.78109
125	176	2.77935
125	213	2.31558
125	264	2.93171
125	283	2.93226
125	363	2.93296
125	818	4.68722
126	59	2.23429
126	127	2.23402
126	323	2.94481
126	403	3.08659
126	416	3.08706
126	501	3.08767
126	937	5.23832
127	126	2.23402
127	210	2.23278
127	276	2.35764
127	323	2.35674
127	403	2.49852
127	416	2.49899
127	501	2.49959
128	353	1.85608
128	454	2.03056
128	515	2.0305
128	626	2.59047
128	679	2.71644
128	685	2.71697
128	700	2.71751
129	256	2.26274
129	369	1.94517
129	558	2.49323
129	721	2.85357
129	782	2.85379
129	784	3.18687
129	816	3.33181
130	15	2.31605
130	84	2.31605
130	111	2.31415
130	212	2.31318
130	246	2.46676
130	311	2.46741
130	381	2.46812
131	11	2.42479
131	208	2.39583
131	296	2.59608
131	325	2.94859
131	429	3.15772
131	521	3.15823
131	710	3.64829
132	330	1.76723
132	558	2.52936
132	721	2.8897
132	782	2.88992
132	784	3.223
132	812	4.68722
132	816	3.36794
133	184	2.29286
133	338	2.41815
133	370	2.39978
133	487	2.16771
133	518	2.5484
133	520	2.16841
133	591	2.68906
134	27	2.77984
134	47	2.77805
134	117	2.77621
134	120	2.77509
134	179	2.77555
134	186	2.77637
134	997	2.48241
135	1	2.77984
135	4	2.77805
135	5	2.77621
135	83	2.77509
135	197	2.77555
135	199	2.77637
135	280	2.26274
136	69	2.0354
136	192	2.03295
136	225	2.03151
136	256	2.64666
136	292	2.64643
136	349	2.64678
136	392	2.6474
137	242	2.26274
137	661	2.27253
137	712	2.27723
137	866	2.70548
137	870	2.70591
137	907	3.15731
137	910	3.54257
138	252	2.23549
138	470	2.72741
138	567	2.92584
138	577	2.9262
138	578	2.92678
138	613	2.92737
138	975	5.80948
139	50	2.57551
139	116	2.06124
139	121	2.06003
139	165	2.57249
139	178	2.05717
139	243	2.6734
139	270	2.67386
140	338	2.78515
140	423	2.84444
140	487	2.53471
140	518	2.91539
140	520	2.53541
140	591	3.05605
140	741	2.07846
141	420	1.91576
141	428	1.86487
141	556	2.07488
141	743	2.39996
141	800	2.89542
141	851	2.53972
141	900	2.9911
142	76	1.94741
142	146	1.9448
142	263	2.55943
142	277	2.55854
142	298	2.55835
142	387	2.55874
142	395	2.55938
143	75	1.85203
143	421	1.88164
143	838	2.96773
143	887	2.84421
143	906	2.84457
143	922	2.84501
143	981	3.27425
144	221	2.26659
144	293	2.88163
144	294	2.88118
144	346	2.88137
144	383	2.88201
144	399	2.88276
144	773	1.65447
145	10	2.77984
145	25	2.77805
145	46	2.77621
145	83	1.85203
145	107	2.77509
145	171	2.77555
145	193	2.77637
146	76	1.94583
146	142	1.9448
146	263	2.55785
146	277	2.55696
146	298	2.55677
146	387	2.55716
146	395	2.5578
147	119	2.27583
147	497	2.52898
147	539	3.16228
147	624	2.838
147	689	2.95264
147	690	2.88908
147	798	3.19476
148	56	2.21282
148	215	2.7408
148	304	2.85325
148	313	2.85331
148	472	3.00076
148	486	3.0014
148	750	2.07846
149	544	3.16228
149	670	2.44846
149	747	2.69786
149	827	2.62662
149	879	2.92058
149	919	2.96634
149	944	3.02827
150	86	2.23559
150	231	2.74195
150	411	2.92219
150	439	2.92244
150	493	2.92303
150	517	2.92371
150	663	3.64829
151	154	2.16541
151	322	2.26274
151	408	2.86364
151	419	2.92646
151	442	2.56097
151	566	3.08177
151	592	3.08234
152	13	2.78046
152	16	2.77866
152	24	2.77682
152	32	2.7757
152	70	2.77555
152	226	2.77698
152	918	1.72103
153	8	2.77999
153	18	2.7782
153	77	1.85203
153	87	2.77636
153	204	2.77509
153	216	2.7757
153	218	2.77651
154	151	2.16541
154	155	2.16274
154	419	2.47946
154	442	2.11396
154	448	2.48008
154	566	2.63476
154	592	2.63534
155	154	2.16274
155	273	2.26274
155	408	2.86097
155	442	2.5583
155	448	2.92442
155	566	3.0791
155	592	3.07967
156	598	2.29652
156	630	3.16228
156	807	2.74698
156	833	2.68783
156	877	2.85607
156	899	2.85652
156	903	3.20816
157	469	1.90086
157	478	2.25435
157	537	2.41918
157	560	2.41896
157	579	2.41915
157	616	2.41965
157	638	2.84916
158	22	1.933
158	55	2.41365
158	108	2.41388
158	200	2.41177
158	206	2.41123
158	361	2.54515
158	372	2.54567
159	2	2.12176
159	38	2.12094
159	187	2.11815
159	219	2.11723
159	245	2.73304
159	261	2.73334
159	359	2.73392
160	60	2.37413
160	228	2.37229
160	247	2.98688
160	269	2.98587
160	339	2.98556
160	401	2.98619
160	908	5.23832
161	222	2.26907
161	267	2.88194
161	316	2.88125
161	321	2.88125
161	326	2.26274
161	357	2.88177
161	364	2.88245
162	77	2.38621
162	101	2.31758
162	431	2.74798
162	548	2.91965
162	594	3.36345
162	633	2.92093
162	839	0.650461
163	543	2.25451
163	597	2.25451
163	627	2.37304
163	631	2.14586
163	654	2.38628
163	707	2.38622
163	768	2.89538
164	20	1.85926
164	229	2.47266
164	234	2.47124
164	254	2.4704
164	329	2.47025
164	341	2.47067
164	373	2.47131
165	116	2.57503
165	121	2.57382
165	139	2.57249
165	178	2.57096
165	243	3.18719
165	270	3.18766
165	659	3.64829
166	315	2.28077
166	394	2.27942
166	418	2.42473
166	426	2.42432
166	457	2.42441
166	482	2.42488
166	484	2.42549
167	6	1.97846
167	44	1.97692
167	118	2.46744
167	123	2.46744
167	244	2.58947
167	336	2.59001
167	362	2.5907
168	26	2.77984
168	28	2.77805
168	31	2.77621
168	48	2.77509
168	180	2.77555
168	205	2.77637
168	587	3.16228
169	327	1.85427
169	398	2.24655
169	471	2.41395
169	550	2.53944
169	568	2.53968
169	606	2.54018
169	611	2.54076
170	466	2.02602
170	753	2.60502
170	868	2.6358
170	907	0.640436
170	963	3.23362
170	994	2.93691
170	999	3.24377
171	10	2.78046
171	25	2.77866
171	46	2.77682
171	107	2.7757
171	145	2.77555
171	193	2.77698
171	297	2.26274
172	3	2.78046
172	43	2.77866
172	45	2.77682
172	97	2.7757
172	102	2.77555
172	227	2.77698
172	702	1.32759
173	73	1.85203
173	252	2.23549
173	470	2.72741
173	567	2.92584
173	577	2.9262
173	578	2.92678
173	613	2.92737
174	35	2.78046
174	36	1.85203
174	37	2.77866
174	67	2.77682
174	99	2.7757
174	106	2.77555
174	185	2.77698
175	64	2.47318
175	109	2.47187
175	203	2.46922
175	289	3.08501
175	305	3.08532
175	356	3.08589
175	708	3.64829
176	7	2.77997
176	125	2.77935
176	213	2.3136
176	264	2.92973
176	283	2.93028
176	363	2.93098
176	680	3.64829
177	12	2.37182
177	190	2.36935
177	265	2.98293
177	282	2.98288
177	350	2.98336
177	393	2.98403
177	431	2.7
178	50	2.57398
178	116	2.0597
178	121	2.0585
178	139	2.05717
178	165	2.57096
178	243	2.67186
178	270	2.67233
179	27	2.78046
179	47	2.77866
179	117	2.77682
179	120	2.7757
179	134	2.77555
179	186	2.77698
179	400	0.707384
180	26	2.78046
180	28	2.77866
180	31	2.77682
180	48	2.7757
180	168	2.77555
180	205	2.77698
180	928	2.38483
181	66	2.24802
181	334	2.01627
181	405	2.15827
181	407	2.54035
181	425	2.50662
181	437	2.53968
181	625	2.67744
182	49	1.9815
182	273	2.50639
182	288	2.13218
182	328	2.13193
182	345	2.61188
182	358	2.61188
182	496	2.69614
183	811	2.6232
183	823	2.62347
183	860	2.62384
183	865	2.62428
183	914	3.07562
183	918	3.07597
183	973	3.16864
184	133	2.29286
184	370	2.89539
184	418	2.7
184	423	2.97305
184	487	2.66332
184	520	2.66402
184	591	3.18467
185	35	2.78127
185	37	2.77947
185	67	2.77763
185	99	2.77651
185	106	2.77637
185	174	2.77698
185	932	2.19517
186	27	2.78127
186	47	2.77947
186	117	2.77763
186	120	2.77651
186	134	2.77637
186	179	2.77698
186	371	2.26274
187	2	2.12037
187	38	2.11956
187	159	2.11815
187	219	2.11584
187	245	2.73165
187	261	2.73196
187	359	2.73253
188	602	2.27759
188	653	2.7872
188	696	2.76032
188	758	2.42536
188	785	2.95028
188	793	2.95051
188	794	2.95084
189	74	2.77782
189	91	2.77782
189	94	2.31272
189	291	2.92879
189	379	2.92953
189	402	2.93028
189	933	2.13041
190	12	1.89868
190	177	2.36935
190	214	2.36796
190	265	2.50979
190	282	2.50973
190	350	2.51021
190	393	2.51088
191	734	2.32152
191	772	2.2776
191	787	2.27768
191	837	2.44296
191	850	2.4434
191	852	2.4439
191	853	2.44438
192	69	2.03388
192	136	2.03295
192	225	2.02999
192	256	2.64514
192	292	2.64491
192	349	2.64526
192	392	2.64588
193	10	2.78127
193	25	2.77947
193	46	2.77763
193	107	2.77651
193	145	2.77637
193	171	2.77698
193	491	0.694874
194	252	1.77823
194	470	2.27015
194	491	2.75039
194	567	2.46858
194	577	2.46894
194	578	2.46952
194	613	2.47011
195	468	2.7
195	664	2.29748
195	885	2.79699
195	894	2.81833
195	901	2.79899
195	911	2.80786
195	947	3.14825
196	23	2.78046
196	33	2.77866
196	71	2.77682
196	80	2.7757
196	105	2.77555
196	224	2.77698
196	946	5.23832
197	1	2.78046
197	4	2.77866
197	5	2.77682
197	83	2.7757
197	135	2.77555
197	199	2.77698
197	814	4.68722
198	16	1.85203
198	408	2.73489
198	419	2.79771
198	442	2.43222
198	448	2.79834
198	566	2.95302
198	592	2.95359
199	1	2.78127
199	4	2.77947
199	5	2.77763
199	83	2.77651
199	135	2.77637
199	197	2.77698
199	809	4.68722
200	22	2.41415
200	108	2.89503
200	158	2.41177
200	206	2.89238
200	361	3.0263
200	372	3.02682
200	857	4.68722
201	576	2.35833
201	622	2.32151
201	683	3.64829
201	821	2.75829
201	937	2.93353
201	941	2.93397
201	950	3.36281
202	11	2.31824
202	40	1.85203
202	296	2.48953
202	325	2.84204
202	354	2.92123
202	429	3.05117
202	521	3.05168
203	34	2.47107
203	64	1.9778
203	109	1.9765
203	175	2.46922
203	289	2.58964
203	305	2.58994
203	356	2.59051
204	8	2.77984
204	18	2.77805
204	87	2.77621
204	153	2.77509
204	216	2.77555
204	218	2.77637
204	943	1.96403
205	26	2.78127
205	28	2.77947
205	31	2.77763
205	48	2.77651
205	168	2.77637
205	180	2.77698
205	660	3.64829
206	22	2.41361
206	55	2.89426
206	158	2.41123
206	200	2.89238
206	361	3.02576
206	372	3.02628
206	768	1.81682
207	368	1.75117
207	382	1.76097
207	563	2.13008
207	687	2.64953
207	718	2.79367
207	720	2.79415
207	724	2.7947
208	11	1.91893
208	131	2.39583
208	296	2.09022
208	325	2.44274
208	354	2.52193
208	429	2.65187
208	521	2.65238
209	257	1.95381
209	276	2.26274
209	738	2.75008
209	760	2.75036
209	774	2.75085
209	801	3.22872
209	820	3.22933
210	59	2.23304
210	127	2.23278
210	276	2.94447
210	403	3.08535
210	416	3.08582
210	501	3.08642
210	951	2.48075
211	650	3.64829
211	712	2.27605
211	714	2.27114
211	866	2.7043
211	870	2.70472
211	907	3.15612
211	910	3.54139
212	15	2.77827
212	84	2.77827
212	130	2.31318
212	246	2.92899
212	311	2.92963
212	381	2.93034
212	690	3.64829
213	7	2.3162
213	17	2.31534
213	125	2.31558
213	176	2.3136
213	264	2.46596
213	283	2.46651
213	363	2.46721
214	12	2.37043
214	190	2.36796
214	265	2.98154
214	282	2.98149
214	350	2.98197
214	393	2.98264
214	925	2.06016
215	56	2.26847
215	57	2.63533
215	148	2.7408
215	344	2.89991
215	472	3.05641
215	486	3.05705
215	608	3.16228
216	8	2.78046
216	18	2.77866
216	87	2.77682
216	89	1.85203
216	153	2.7757
216	204	2.77555
216	218	2.77698
217	765	2.30583
217	897	2.87732
217	957	2.90474
217	958	2.81414
217	972	3.04243
217	983	2.81482
217	998	2.81525
218	8	2.78127
218	18	2.77947
218	87	2.77763
218	120	1.85203
218	153	2.77651
218	204	2.77637
218	216	2.77698
219	2	2.11945
219	38	2.11864
219	159	2.11723
219	187	2.11584
219	245	2.73073
219	261	2.73104
219	359	2.73161
220	636	2.05496
220	714	2.31658
220	866	2.74974
220	870	2.75016
220	907	3.20156
220	910	3.58683
220	977	2.66594
221	89	2.26659
221	144	2.26659
221	293	2.42673
221	294	2.42628
221	346	2.42647
221	383	2.42711
221	399	2.42786
222	161	2.26907
222	223	2.26825
222	267	2.42962
222	316	2.42893
222	321	2.42893
222	357	2.42945
222	364	2.43013
223	97	1.85203
223	222	2.26825
223	267	2.88111
223	316	2.88043
223	321	2.88043
223	357	2.88095
223	364	2.88163
224	23	2.78127
224	33	2.77947
224	71	2.77763
224	80	2.77651
224	105	2.77637
224	110	1.85203
224	196	2.77698
225	69	2.03244
225	136	2.03151
225	192	2.02999
225	256	2.6437
225	292	2.64347
225	349	2.64382
225	392	2.64443
226	13	2.78127
226	16	2.77947
226	24	2.77763
226	32	2.77651
226	70	2.77637
226	152	2.77698
226	921	5.23832
227	3	2.78127
227	43	2.77947
227	45	2.77763
227	97	2.77651
227	102	2.77637
227	172	2.77698
227	259	2.26274
228	60	1.77539
228	160	2.37229
228	247	2.38814
228	269	2.38713
228	339	2.38681
228	389	2.98407
228	401	2.38745
229	20	2.47375
229	164	2.47266
229	234	3.08574
229	254	3.0849
229	329	3.08475
229	341	3.08516
229	373	3.08581
229	574	3.16228
230	543	2.31548
230	597	2.31548
230	620	2.20071
230	627	2.43401
230	654	2.44725
230	707	2.44719
230	716	3.27608
230	768	2.95635
231	86	2.31514
231	150	2.74195
231	343	3.29854
231	411	3.00174
231	439	3.00199
231	472	2.7
231	493	3.00258
231	517	3.00327
232	443	2.43153
232	524	2.48225
232	544	2.59196
232	736	2.97413
232	777	2.9745
232	834	4.68722
232	835	3.45229
232	872	3.45287
233	635	3.16228
233	744	2.64725
233	776	2.62259
233	808	2.83453
233	826	2.83487
233	863	2.83531
233	874	3.28669
233	943	3.28712
234	20	2.47234
234	103	2.26274
234	164	2.47124
234	229	3.08574
234	254	3.08348
234	329	3.08334
234	341	3.08375
234	373	3.08439
235	672	1.8996
235	836	2.56463
235	838	2.63607
235	887	2.51255
235	906	2.51291
235	922	2.51336
235	936	2.77246
235	981	2.94259
236	266	2.07614
236	624	2.51859
236	686	2.5447
236	689	2.63323
236	690	2.56967
236	691	2.60662
236	715	2.55767
236	798	2.87535
237	95	2.09718
237	248	2.14343
237	539	2.55227
237	545	2.6711
237	582	2.58886
237	583	2.55767
237	586	3.04609
237	642	2.7185
238	78	2.14535
238	287	2.31665
238	301	2.67245
238	355	2.31417
238	377	2.31348
238	434	2.87548
238	467	2.87571
238	492	2.87616
239	260	2.3663
239	353	2.04772
239	454	2.22221
239	515	2.22215
239	626	2.78211
239	679	2.90808
239	685	2.90861
239	700	2.90915
240	727	2.60156
240	791	4.15692
240	882	2.75543
240	905	3.10544
240	908	2.75592
240	940	2.75632
240	960	3.18514
240	979	3.18556
241	314	2.54347
241	374	2.4475
241	529	3.16228
241	559	2.92311
241	563	2.62008
241	718	3.28367
241	720	3.28416
241	724	3.2847
242	137	2.26274
242	508	2.36345
242	640	2.82058
242	683	2.79543
242	688	2.51389
242	752	2.97203
242	813	3.44982
242	839	3.45038
243	24	2.26274
243	50	3.19021
243	116	2.67594
243	121	2.67473
243	139	2.6734
243	165	3.18719
243	178	2.67186
243	270	3.28856
244	6	2.5946
244	44	2.59306
244	118	3.08359
244	123	3.08359
244	167	2.58947
244	336	3.20616
244	347	2.26274
244	362	3.20684
245	2	2.73526
245	38	2.73445
245	159	2.73304
245	187	2.73165
245	219	2.73073
245	261	3.34684
245	359	3.34742
245	870	4.68722
246	15	2.93186
246	84	2.93186
246	111	2.92996
246	117	2.26274
246	130	2.46676
246	212	2.92899
246	311	3.08322
246	381	3.08393
247	60	2.38998
247	160	2.98688
247	228	2.38814
247	269	3.00172
247	339	3.0014
247	389	3.59865
247	401	3.00204
247	638	0.634049
248	237	2.14343
248	444	2.7
248	450	2.76987
248	539	2.92872
248	545	3.04756
248	582	2.96532
248	586	3.42254
248	642	3.09496
249	300	2.21166
249	494	2.77219
249	529	3.01226
249	557	3.01226
249	644	3.12232
249	668	3.12285
249	703	3.12341
249	845	4.68722
250	298	2.26274
250	791	2.59234
250	811	2.80742
250	823	2.80769
250	860	2.80806
250	865	2.8085
250	914	3.25984
250	918	3.26019
251	327	2.09947
251	351	1.99262
251	398	2.49174
251	471	2.65914
251	550	2.78464
251	568	2.78488
251	606	2.78537
251	611	2.78596
252	138	2.23549
252	173	2.23549
252	194	1.77823
252	491	3.04681
252	567	2.765
252	577	2.76537
252	578	2.76594
252	613	2.76654
253	404	2.7
253	498	2.64943
253	509	2.7
253	535	3.11171
253	749	3.53322
253	771	3.53337
253	781	3.53369
253	810	4.01137
254	20	2.47149
254	164	2.4704
254	229	3.0849
254	234	3.08348
254	329	3.08249
254	341	3.08291
254	373	3.08355
254	761	2.05257
255	541	2.14982
255	734	2.54326
255	772	2.49934
255	787	2.49942
255	837	2.6647
255	850	2.66514
255	852	2.66564
255	853	2.66612
256	69	2.64759
256	129	2.26274
256	136	2.64666
256	192	2.64514
256	225	2.6437
256	292	3.25862
256	349	3.25897
256	392	3.25959
257	209	1.95381
257	413	2.41059
257	738	3.00567
257	760	3.00596
257	774	3.00644
257	801	3.48431
257	820	3.48492
257	999	3.1101
258	340	2.1866
258	372	2.26274
258	464	2.6547
258	531	2.88501
258	643	3.14274
258	666	3.14274
258	684	3.12594
258	745	3.23302
259	227	2.26274
259	572	2.25399
259	776	2.68903
259	808	2.90097
259	826	2.90131
259	863	2.90175
259	874	3.35313
259	943	3.35355
260	239	2.3663
260	353	2.50962
260	454	2.6841
260	515	2.68404
260	665	3.64829
260	679	3.36997
260	685	3.37051
260	700	3.37105
261	2	2.73557
261	38	2.73475
261	159	2.73334
261	187	2.73196
261	219	2.73104
261	245	3.34684
261	359	3.34773
261	926	5.23832
262	812	2.13462
262	889	2.31529
262	945	2.53035
262	956	2.80898
262	957	2.76148
262	975	2.54299
262	995	2.7412
262	996	2.54355
263	76	2.56046
263	142	2.55943
263	146	2.55785
263	277	3.17159
263	298	3.1714
263	356	2.26274
263	387	3.17179
263	395	3.17243
264	7	2.93233
264	17	2.93147
264	125	2.93171
264	176	2.92973
264	213	2.46596
264	283	3.08265
264	363	3.08334
264	639	1.82414
265	12	2.51226
265	177	2.98293
265	190	2.50979
265	214	2.98154
265	282	3.12332
265	350	3.1238
265	393	3.12447
265	976	2.54614
266	236	2.07614
266	612	3.16228
266	624	2.94344
266	686	2.96955
266	689	3.05808
266	690	2.99452
266	691	3.03147
266	798	3.3002
267	161	2.88194
267	222	2.42962
267	223	2.88111
267	316	3.0418
267	321	3.0418
267	357	3.04231
267	362	2.26274
267	364	3.043
268	672	2.27608
268	836	2.94111
268	887	2.88903
268	894	5.23832
268	906	2.88939
268	922	2.88984
268	936	3.14894
268	981	3.31907
269	60	2.38897
269	160	2.98587
269	228	2.38713
269	247	3.00172
269	339	3.0004
269	389	3.59765
269	401	3.00103
269	636	3.16228
270	50	3.19067
270	116	2.6764
270	121	2.67519
270	139	2.67386
270	165	3.18766
270	178	2.67233
270	243	3.28856
270	426	2.7
271	569	2.06406
271	598	2.18911
271	621	2.28336
271	807	2.63957
271	833	2.58043
271	877	2.74866
271	899	2.74911
271	903	3.10075
272	58	2.25911
272	61	2.26274
272	360	2.43713
272	384	2.81733
272	575	3.21415
272	589	3.21431
272	614	3.21476
272	618	3.21533
273	98	2.50639
273	155	2.26274
273	182	2.50639
273	288	2.76443
273	328	2.76418
273	345	3.24413
273	358	3.24413
273	496	3.32838
274	468	2.41866
274	510	2.39775
274	536	2.2156
274	542	2.53871
274	596	2.57558
274	660	2.70328
274	706	2.70281
274	757	2.82423
275	528	2.31104
275	580	2.02135
275	635	2.08252
275	648	2.44785
275	735	2.86464
275	846	2.9447
275	978	2.85763
275	987	2.85795
276	59	2.3579
276	127	2.35764
276	209	2.26274
276	210	2.94447
276	323	3.06843
276	403	3.21021
276	416	3.21068
276	501	3.21128
277	76	2.55958
277	142	2.55854
277	146	2.55696
277	263	3.17159
277	298	3.17051
277	387	3.1709
277	395	3.17154
277	534	3.16228
278	312	2.26274
278	612	2.41318
278	637	2.38785
278	732	2.7383
278	864	2.91361
278	912	3.06132
278	932	3.35967
278	990	3.49035
279	414	2.16366
279	424	2.16807
279	438	2.1661
279	524	2.19568
279	736	2.68756
279	777	2.68793
279	835	3.16572
279	872	3.1663
280	135	2.26274
280	342	2.29067
280	483	2.29725
280	612	2.52083
280	864	3.02126
280	912	3.16897
280	932	3.46732
280	990	3.598
281	533	3.16228
281	747	2.74451
281	796	2.89215
281	827	2.67327
281	879	2.96724
281	920	3.00938
281	931	3.00973
281	944	3.07492
282	12	2.51221
282	177	2.98288
282	190	2.50973
282	214	2.98149
282	265	3.12332
282	350	3.12374
282	393	3.12441
282	847	4.68722
283	7	2.93289
283	17	2.93202
283	125	2.93226
283	176	2.93028
283	213	2.46651
283	264	3.08265
283	363	3.08389
283	639	1.82414
284	324	1.41104
284	617	2.10321
284	719	2.49322
284	845	2.61848
284	873	3.11375
284	878	3.06973
284	895	2.78838
284	927	2.78886
285	564	2.37717
285	719	2.80451
285	755	2.67639
285	795	2.90158
285	801	2.30493
285	873	3.42504
285	895	3.09968
285	927	3.10016
286	665	2.20168
286	769	2.34571
286	805	2.40847
286	871	2.41853
286	898	2.58206
286	948	2.70116
286	965	3.01693
286	982	2.70134
287	78	2.14449
287	238	2.31665
287	301	2.67159
287	355	2.31331
287	377	2.31263
287	434	2.87462
287	467	2.87485
287	492	2.8753
288	49	2.23954
288	98	2.13218
288	182	2.13218
288	273	2.76443
288	328	2.38997
288	345	2.86992
288	358	2.86992
288	496	2.95417
289	34	3.08686
289	64	2.59359
289	109	2.59229
289	175	3.08501
289	203	2.58964
289	305	3.20574
289	356	3.2063
289	381	2.26274
290	61	2.19384
290	469	2.11552
290	478	2.46901
290	537	2.63384
290	560	2.63362
290	579	2.6338
290	616	2.63431
290	638	3.06382
291	74	2.93182
291	91	2.93182
291	94	2.46672
291	99	2.26274
291	104	2.92879
291	189	2.92879
291	379	3.08352
291	402	3.08427
292	69	2.64736
292	136	2.64643
292	192	2.64491
292	225	2.64347
292	256	3.25862
292	349	3.25874
292	392	3.25935
292	985	5.80948
293	89	2.88163
293	144	2.88163
293	221	2.42673
293	294	3.04132
293	346	3.04151
293	383	3.04215
293	399	3.0429
293	994	5.80948
294	89	2.88118
294	144	2.88118
294	221	2.42628
294	293	3.04132
294	346	3.04106
294	383	3.0417
294	399	3.04245
294	829	4.68722
295	409	2.07036
295	465	2.39521
295	596	3.16228
295	738	2.98809
295	760	2.98838
295	774	2.98887
295	801	3.46673
295	820	3.46735
296	11	2.11918
296	131	2.59608
296	202	2.48953
296	208	2.09022
296	325	2.64299
296	354	2.72218
296	429	2.85212
296	521	2.85263
297	171	2.26274
297	551	2.23468
297	723	2.45756
297	830	2.76558
297	926	2.95427
297	951	3.33862
297	953	3.33915
297	968	3.26506
298	76	2.55939
298	142	2.55835
298	146	2.55677
298	250	2.26274
298	263	3.1714
298	277	3.17051
298	387	3.17072
298	395	3.17135
299	602	2.41272
299	673	2.90649
299	696	2.89545
299	713	2.90452
299	756	4.15692
299	785	3.0854
299	793	3.08564
299	794	3.08597
300	249	2.21166
300	494	2.34677
300	529	2.58684
300	557	2.58684
300	623	2.54001
300	644	2.6969
300	668	2.69743
300	703	2.69799
301	238	2.67245
301	287	2.67159
301	355	2.66911
301	377	2.66842
301	403	2.7
301	434	3.23042
301	467	3.23065
301	492	3.2311
302	569	2.42975
302	605	3.16228
302	621	2.64905
302	678	2.57505
302	807	3.00527
302	877	3.11435
302	899	3.1148
302	903	3.46645
303	322	2.47813
303	529	2.93395
303	557	2.93395
303	623	2.88712
303	644	3.04401
303	668	3.04454
303	703	3.04511
303	716	1.36082
304	56	2.38092
304	57	2.74778
304	148	2.85325
304	313	3.02141
304	344	3.01236
304	385	2.26274
304	472	3.16886
304	486	3.1695
305	34	3.08717
305	64	2.5939
305	109	2.59259
305	175	3.08532
305	203	2.58994
305	289	3.20574
305	356	3.20661
305	920	5.23832
306	8	2.26274
306	502	2.37218
306	528	2.77086
306	571	2.38578
306	648	2.90767
306	735	3.32446
306	978	3.31745
306	987	3.31777
307	47	2.26274
307	513	2.25771
307	541	2.60858
307	734	3.00203
307	837	3.12346
307	850	3.1239
307	852	3.1244
307	853	3.12488
308	70	2.26274
308	441	2.41232
308	574	2.64518
308	640	2.84221
308	688	2.53551
308	752	2.99366
308	813	3.47144
308	839	3.472
309	598	2.17045
309	621	2.2647
309	678	2.1907
309	807	2.62092
309	833	2.56177
309	877	2.73
309	899	2.73045
309	903	3.0821
310	812	2.21522
310	889	2.39589
310	902	2.40842
310	939	2.40784
310	956	2.88958
310	975	2.6236
310	995	2.82181
310	996	2.62415
311	15	2.9325
311	84	2.9325
311	111	2.9306
311	130	2.46741
311	212	2.92963
311	246	3.08322
311	381	3.08457
311	838	3.06842
312	278	2.26274
312	622	2.3879
312	739	2.67216
312	788	3.04776
312	821	2.82469
312	937	2.99992
312	941	3.00037
312	950	3.42921
313	56	2.38097
313	57	2.74784
313	148	2.85331
313	304	3.02141
313	344	3.01242
313	472	3.16892
313	486	3.16955
313	910	2.62569
314	241	2.54347
314	382	2.24299
314	563	2.6121
314	687	3.13155
314	718	3.27569
314	720	3.27617
314	724	3.27672
314	914	2.61916
315	166	2.28077
315	331	2.80821
315	418	3.05718
315	426	3.05677
315	457	3.05686
315	482	3.05733
315	484	3.05794
315	843	4.68722
316	161	2.88125
316	222	2.42893
316	223	2.88043
316	267	3.0418
316	321	3.04111
316	357	3.04163
316	364	3.04231
316	795	4.68722
317	656	2.71778
317	702	2.95039
317	759	2.84973
317	814	2.96258
317	828	2.96287
317	855	2.96328
317	857	2.96374
317	952	3.07467
318	729	2.29074
318	770	2.19294
318	831	2.38542
318	949	2.63741
318	969	2.95343
318	971	2.63765
318	988	2.63797
318	989	2.63835
319	551	1.9227
319	555	1.92071
319	797	2.41095
319	830	2.45361
319	926	2.6423
319	951	3.02664
319	953	3.02718
319	968	2.95309
320	655	3.64829
320	875	2.72534
320	876	2.72502
320	913	2.72482
320	934	2.72482
320	970	3.15346
320	976	3.15383
320	1000	3.15424
321	161	2.88125
321	222	2.42893
321	223	2.88043
321	267	3.0418
321	316	3.04111
321	357	3.04163
321	364	3.04231
321	759	4.15692
322	151	2.26274
322	303	2.47813
322	529	2.93161
322	557	2.93161
322	623	2.88479
322	644	3.04168
322	668	3.04221
322	703	3.04277
323	59	2.357
323	126	2.94481
323	127	2.35674
323	276	3.06843
323	403	3.20931
323	416	3.20978
323	460	2.7
323	501	3.21038
324	284	1.41104
324	719	2.4203
324	795	2.51737
324	845	2.54557
324	873	3.04083
324	878	2.99681
324	895	2.71547
324	927	2.71595
325	131	2.94859
325	202	2.84204
325	208	2.44274
325	296	2.64299
325	354	3.07469
325	429	3.20463
325	521	3.20514
325	558	3.16228
326	161	2.26274
326	468	2.7789
326	485	2.77215
326	536	2.57584
326	596	2.93582
326	660	3.06352
326	706	3.06305
326	757	3.18447
327	169	1.85427
327	251	2.09947
327	351	2.09697
327	471	2.7635
327	550	2.88899
327	568	2.88923
327	606	2.88972
327	611	2.89031
328	49	2.23929
328	98	2.13193
328	182	2.13193
328	273	2.76418
328	288	2.38997
328	345	2.86967
328	358	2.86967
328	496	2.95392
329	20	2.47135
329	164	2.47025
329	229	3.08475
329	234	3.08334
329	254	3.08249
329	341	3.08276
329	373	3.0834
329	945	2.51579
330	132	1.76723
330	369	1.8714
330	546	2.37916
330	558	2.41946
330	721	2.7798
330	782	2.78002
330	784	3.1131
330	816	3.25804
331	31	2.26274
331	315	2.80821
331	394	2.80686
331	418	2.95218
331	426	2.95177
331	457	2.95185
331	482	2.95232
331	484	2.95294
332	9	2.40712
332	88	2.40712
332	388	2.06075
332	400	3.02109
332	404	2.62092
332	444	2.62088
332	509	2.62123
332	522	2.62171
333	697	2.26654
333	727	2.27919
333	882	2.43306
333	905	2.78307
333	908	2.43354
333	940	2.43395
333	960	2.86276
333	979	2.86319
334	66	2.53862
334	96	1.98514
334	181	2.01627
334	405	2.44887
334	407	2.83095
334	437	2.83028
334	458	2.75577
334	625	2.96804
335	775	2.58572
335	789	2.3308
335	815	2.764
335	890	2.95954
335	892	2.40053
335	923	2.95985
335	952	3.38856
335	980	3.38897
336	6	2.59515
336	44	2.5936
336	118	3.08413
336	123	3.08413
336	167	2.59001
336	244	3.20616
336	362	3.20738
336	474	2.7
337	553	2.50364
337	584	2.44525
337	630	2.40135
337	787	4.15692
337	803	3.23753
337	829	2.96342
337	883	3.41481
337	893	3.41536
338	133	2.41815
338	140	2.78515
338	423	3.09834
338	487	2.78862
338	518	3.1693
338	520	2.78931
338	591	3.30996
338	686	3.64829
339	60	2.38865
339	68	2.26274
339	160	2.98556
339	228	2.38681
339	247	3.0014
339	269	3.0004
339	389	3.59733
339	401	3.00071
340	258	2.1866
340	505	2.29212
340	506	2.32412
340	603	2.5718
340	643	2.72837
340	666	2.72837
340	684	2.71157
340	745	2.81865
341	20	2.47176
341	164	2.47067
341	229	3.08516
341	234	3.08375
341	254	3.08291
341	329	3.08276
341	373	3.08381
341	457	2.7
342	280	2.29067
342	378	2.40047
342	538	2.61068
342	588	2.34782
342	912	3.33767
342	932	3.63602
342	990	3.76669
342	991	2.68611
343	114	3.13946
343	231	3.29854
343	411	3.47878
343	439	3.47903
343	493	3.47962
343	517	3.48031
343	631	3.16228
343	754	4.15692
344	56	2.37193
344	57	2.73879
344	215	2.89991
344	304	3.01236
344	313	3.01242
344	472	3.15987
344	486	3.16051
344	764	4.15692
345	49	2.71924
345	98	2.61188
345	182	2.61188
345	273	3.24413
345	288	2.86992
345	328	2.86967
345	496	3.43388
345	645	1.13137
346	89	2.88137
346	144	2.88137
346	221	2.42647
346	293	3.04151
346	294	3.04106
346	383	3.04189
346	399	3.04264
346	766	1.38569
347	244	2.26274
347	369	2.16687
347	436	2.42119
347	546	2.67463
347	721	3.07527
347	782	3.07549
347	784	3.40857
347	816	3.55351
348	401	2.26274
348	647	2.7764
348	658	2.7758
348	699	2.77545
348	749	2.89141
348	771	2.89155
348	781	2.89188
348	810	3.36956
349	69	2.64771
349	136	2.64678
349	192	2.64526
349	225	2.64382
349	256	3.25897
349	292	3.25874
349	392	3.2597
349	537	3.16228
350	12	2.51269
350	177	2.98336
350	190	2.51021
350	214	2.98197
350	265	3.1238
350	282	3.12374
350	393	3.12489
350	415	2.7
351	251	1.99262
351	327	2.09697
351	398	2.48925
351	471	2.65665
351	550	2.78214
351	568	2.78238
351	606	2.78288
351	611	2.78347
352	29	1.73672
352	30	1.99457
352	366	2.15051
352	530	2.63956
352	650	2.83528
352	701	2.83555
352	708	2.83602
352	780	3.34519
353	100	1.85608
353	128	1.85608
353	239	2.04772
353	260	2.50962
353	626	2.92543
353	679	3.0514
