1	2	2.78295
1	37	2.78111
1	101	2.77999
1	108	2.77984
1	179	2.78046
1	191	2.78127
1	807	4.15692
2	1	2.78295
2	37	2.77932
2	101	2.7782
2	108	2.77805
2	179	2.77866
2	191	2.77947
2	786	4.15692
3	235	1.95997
3	432	2.13105
3	603	2.51557
3	610	2.51579
3	628	2.51631
3	636	2.51699
3	652	2.51765
4	124	2.31576
4	177	2.77782
4	251	2.77782
4	312	2.93182
4	373	2.93256
4	414	2.93331
4	681	2.26067
5	21	2.78295
5	24	2.78111
5	50	2.77999
5	54	2.77984
5	126	2.78046
5	161	2.78127
5	337	2.26274
6	40	2.78295
6	61	2.78111
6	63	2.77999
6	75	2.77984
6	77	2.78046
6	91	2.78127
6	358	2.26274
7	16	2.57805
7	33	2.57684
7	39	2.57551
7	228	2.57398
7	310	3.19021
7	352	3.19067
7	792	4.15692
8	15	2.78295
8	43	2.78111
8	47	2.77999
8	100	2.77984
8	135	2.78046
8	139	2.78127
8	497	2.7
9	138	2.44126
9	437	2.56768
9	457	2.7
9	488	2.79994
9	589	2.95114
9	591	2.95183
9	648	2.95254
10	31	1.84042
10	319	2.47379
10	332	2.36798
10	346	2.47285
10	381	2.47215
10	398	2.47187
10	483	2.59122
11	160	2.60426
11	180	2.21948
11	383	2.83143
11	454	3.00785
11	528	3.00821
11	542	3.00878
11	947	2.62505
12	83	2.78295
12	117	2.78111
12	145	2.77999
12	181	2.77984
12	222	2.78046
12	230	2.78127
12	904	3.50737
13	14	3.3534
13	30	3.3534
13	137	2.91384
13	139	1.85203
13	277	3.53036
13	287	3.53099
13	793	0.981657
14	13	3.3534
14	74	2.76817
14	136	2.76718
14	137	2.18429
14	277	2.8008
14	287	2.80144
14	446	2.7
15	8	2.78295
15	43	2.77932
15	47	2.7782
15	100	2.77805
15	135	2.77866
15	139	2.77947
15	699	0.926013
16	7	2.57805
16	33	2.06257
16	39	2.06124
16	218	2.57503
16	228	2.0597
16	310	2.67594
16	352	2.6764
17	53	1.93532
17	97	2.41594
17	133	2.41391
17	236	2.41391
17	249	2.41406
17	268	2.54846
17	330	2.54913
18	473	1.52382
18	818	2.36008
18	860	2.35388
18	875	2.53773
18	885	2.53817
18	894	2.80635
18	928	2.53896
19	188	2.78748
19	299	2.9158
19	366	2.91587
19	396	2.49613
19	423	2.49675
19	530	3.05958
19	929	5.23832
20	80	2.48048
20	193	2.47978
20	233	2.56308
20	248	2.56351
20	516	3.29803
20	523	3.29855
20	956	2.90474
21	5	2.78295
21	24	2.77932
21	50	2.7782
21	54	2.77805
21	126	2.77866
21	161	2.77947
21	442	2.26274
22	23	2.78295
22	71	2.78111
22	99	2.77999
22	157	2.77984
22	170	2.78046
22	199	2.78127
22	939	2.90474
23	22	2.78295
23	71	2.77932
23	99	2.7782
23	157	2.77805
23	170	2.77866
23	199	2.77947
23	629	3.16228
24	5	2.78111
24	21	2.77932
24	50	2.77636
24	54	2.77621
24	126	2.77682
24	161	2.77763
24	939	2.90474
25	609	3.16228
25	674	3.03844
25	675	2.72395
25	680	2.72406
25	719	2.72444
25	724	2.72498
25	732	2.72556
26	335	1.80827
26	576	2.20356
26	655	2.20421
26	765	2.69322
26	786	2.35801
26	855	2.53575
26	857	2.8942
27	112	2.01592
27	467	2.82679
27	533	2.8264
27	572	3.00198
27	629	3.00257
27	651	3.00325
27	943	2.14131
28	55	2.78295
28	73	2.78111
28	93	2.77999
28	142	2.77984
28	174	2.78046
28	205	2.78127
28	494	2.7
29	49	2.42733
29	81	2.8776
29	114	2.8776
29	250	2.42433
29	276	3.04065
29	294	3.04143
29	473	2.7
30	13	3.3534
30	74	2.76817
30	136	2.76718
30	137	2.18429
30	277	2.8008
30	287	2.80144
30	622	3.16228
31	10	1.84042
31	319	2.472
31	346	2.47107
31	381	2.47037
31	385	2.36484
31	398	2.47009
31	483	2.58943
32	51	2.78295
32	115	2.78111
32	125	2.77999
32	127	2.77984
32	173	2.78046
32	252	2.78127
32	478	2.7
33	7	2.57684
33	16	2.06257
33	39	2.06003
33	218	2.57382
33	228	2.0585
33	310	2.67473
33	352	2.67519
34	102	2.41445
34	140	2.41445
34	141	2.41437
34	216	1.93165
34	243	2.41388
34	338	2.5485
34	415	2.54914
35	402	2.3144
35	452	2.10524
35	480	2.52428
35	494	2.52428
35	507	2.10616
35	534	2.46773
35	605	2.62713
36	355	1.5469
36	559	2.26566
36	689	2.48843
36	696	2.49783
36	704	2.55472
36	780	2.65691
36	790	2.65747
37	1	2.78111
37	2	2.77932
37	101	2.77636
37	108	2.77621
37	179	2.77682
37	191	2.77763
37	260	2.26274
38	138	2.17536
38	151	1.73116
38	171	2.18377
38	488	2.53404
38	589	2.68525
38	591	2.68593
38	648	2.68664
39	7	2.57551
39	16	2.06124
39	33	2.06003
39	218	2.57249
39	228	2.05717
39	310	2.6734
39	352	2.67386
40	6	2.78295
40	61	2.77932
40	63	2.7782
40	75	2.77805
40	77	2.77866
40	91	2.77947
40	771	4.15692
41	129	2.26907
41	285	2.88194
41	362	2.88125
41	372	2.88125
41	440	2.88177
41	442	2.88245
41	718	0.671696
42	768	2.26787
42	864	2.32436
42	907	2.33879
42	949	2.43366
42	951	2.434
42	952	2.43442
42	954	2.43484
43	8	2.78111
43	15	2.77932
43	47	2.77636
43	100	2.77621
43	135	2.77682
43	139	2.77763
43	315	2.26274
44	73	1.85203
44	94	2.77868
44	300	2.46533
44	302	2.89715
44	327	2.46566
44	517	3.02847
44	561	3.02909
45	671	2.32991
45	754	1.65447
45	818	2.76714
45	871	2.72418
45	875	2.9448
45	885	2.94524
45	928	2.94603
46	206	2.20276
46	298	2.31488
46	377	2.31415
46	481	2.45978
46	536	2.4602
46	544	2.46089
46	547	2.4616
47	8	2.77999
47	15	2.7782
47	43	2.77636
47	100	2.77509
47	135	2.7757
47	139	2.77651
47	734	1.82414
48	113	2.4744
48	212	2.47142
48	227	2.47068
48	409	3.08666
48	411	3.08708
48	426	3.08771
48	996	5.80948
49	29	2.42733
49	81	2.26715
49	114	2.26715
49	250	1.81388
49	276	2.43021
49	294	2.43098
49	331	3.03996
50	5	2.77999
50	21	2.7782
50	24	2.77636
50	54	2.77509
50	126	2.7757
50	161	2.77651
50	767	1.8731
51	32	2.78295
51	115	2.77932
51	125	2.7782
51	127	2.77805
51	173	2.77866
51	252	2.77947
51	302	2.26274
52	94	2.38899
52	210	2.34832
52	300	2.07565
52	302	2.50746
52	327	2.07598
52	517	2.63878
52	561	2.6394
53	17	1.93532
53	97	2.41445
53	133	2.41243
53	236	2.41243
53	249	2.41257
53	268	2.54697
53	330	2.54764
54	5	2.77984
54	21	2.77805
54	24	2.77621
54	50	2.77509
54	126	2.77555
54	161	2.77637
54	297	2.26274
55	28	2.78295
55	73	2.77932
55	93	2.7782
55	142	2.77805
55	174	2.77866
55	205	2.77947
55	900	2.19517
56	700	2.3624
56	827	1.99393
56	862	2.85983
56	922	2.67232
56	935	2.61219
56	971	3.05972
56	990	3.10108
57	341	2.3081
57	458	2.86999
57	459	2.8701
57	466	2.87056
57	519	2.87122
57	562	2.87182
57	631	3.16228
58	308	2.98177
58	526	2.42091
58	568	2.1977
58	646	3.16228
58	647	2.75362
58	699	3.34311
58	807	2.98267
59	214	2.27561
59	232	2.8419
59	254	2.27422
59	265	2.3227
59	320	2.3231
59	365	2.32384
59	379	2.32456
60	69	1.72687
60	150	2.37147
60	361	2.36069
60	405	2.25217
60	486	3.01506
60	509	2.47728
60	520	2.4777
61	6	2.78111
61	40	2.77932
61	63	2.77636
61	75	2.77621
61	77	2.77682
61	91	2.77763
61	249	1.85203
62	107	1.94519
62	146	2.43775
62	215	1.95122
62	343	2.58413
62	344	2.47804
62	403	2.58407
62	506	2.70156
63	6	2.77999
63	40	2.7782
63	61	2.77636
63	75	2.77509
63	77	2.7757
63	91	2.77651
63	580	3.16228
64	124	2.31576
64	177	2.77782
64	251	2.77782
64	312	2.93182
64	373	2.93256
64	414	2.93331
64	725	3.64829
65	234	2.0036
65	262	2.14484
65	478	2.27847
65	487	2.33691
65	575	2.45906
65	590	2.45963
65	688	3.007
66	389	2.00803
66	471	1.89083
66	521	2.23701
66	640	2.34681
66	659	2.56258
66	683	2.56302
66	743	3.0722
67	119	2.78295
67	154	2.78111
67	165	2.77999
67	166	2.77984
67	168	2.78046
67	213	2.78127
67	490	2.7
68	162	2.37182
68	202	2.36866
68	266	2.98401
68	303	2.98396
68	374	2.98444
68	395	2.98511
68	611	3.16228
69	60	1.72687
69	150	2.47744
69	155	1.72709
69	361	2.46666
69	486	3.12103
69	509	2.58325
69	520	2.58367
70	185	2.35014
70	467	2.75883
70	474	2.76841
70	572	2.93402
70	629	2.93461
70	651	2.93529
70	696	3.64829
71	22	2.78111
71	23	2.77932
71	99	2.77636
71	157	2.77621
71	170	2.77682
71	199	2.77763
71	824	4.68722
72	456	1.79
72	649	2.30894
72	675	2.51425
72	680	2.51437
72	719	2.51474
72	724	2.51529
72	732	2.51586
73	28	2.78111
73	44	1.85203
73	55	2.77932
73	93	2.77636
73	142	2.77621
73	174	2.77682
73	205	2.77763
74	14	2.76817
74	30	2.76817
74	136	2.9115
74	137	2.32861
74	175	1.85203
74	277	2.94512
74	287	2.94576
75	6	2.77984
75	40	2.77805
75	61	2.77621
75	63	2.77509
75	77	2.77555
75	91	2.77637
75	948	1.21159
76	259	2.62124
76	305	2.65667
76	329	2.18395
76	333	2.65627
76	336	2.18429
76	370	2.18481
76	371	2.1853
77	6	2.78046
77	40	2.77866
77	61	2.77682
77	63	2.7757
77	75	2.77555
77	91	2.77698
77	308	1.24641
78	272	2.80994
78	276	2.26274
78	321	2.46878
78	368	2.46878
78	369	2.51666
78	631	3.21301
78	642	3.21348
79	199	1.85203
79	314	3.01118
79	567	3.25654
79	574	3.356
79	589	3.16228
79	623	3.41573
79	783	3.61663
80	20	2.48048
80	116	2.40933
80	233	1.97816
80	247	2.40534
80	248	1.97859
80	516	2.71312
80	523	2.71363
81	29	2.8776
81	49	2.26715
81	250	2.26415
81	276	2.88047
81	294	2.88125
81	331	3.49022
81	356	2.26274
82	766	2.60591
82	801	4.15692
82	832	2.80985
82	835	2.80997
82	854	2.81061
82	859	2.81107
82	868	2.81149
83	12	2.78295
83	117	2.77932
83	145	2.7782
83	181	2.77805
83	222	2.77866
83	230	2.77947
83	838	4.68722
84	436	2.26274
84	502	2.46866
84	518	2.59912
84	571	2.72461
84	611	2.6801
84	665	2.84699
84	793	3.35618
85	147	1.89854
85	365	2.26274
85	471	2.35797
85	640	2.81396
85	659	3.02973
85	683	3.03017
85	743	3.53934
86	210	1.85203
86	355	1.96125
86	559	2.68001
86	696	2.91218
86	704	2.96907
86	780	3.07126
86	790	3.07182
87	698	2.19403
87	879	2.23829
87	907	2.36925
87	949	2.46412
87	951	2.46446
87	952	2.46488
87	954	2.4653
88	394	2.16997
88	438	1.99653
88	529	2.29143
88	594	2.30842
88	687	2.49469
88	691	2.52055
88	897	2.90374
89	668	2.38164
89	785	2.56423
89	809	2.62839
89	831	3.10601
89	849	2.76638
89	880	3.21777
89	967	5.80948
90	621	1.73104
90	673	2.03151
90	813	2.23811
90	850	2.44083
90	858	2.44125
90	916	2.89265
90	923	2.89314
91	6	2.78127
91	40	2.77947
91	61	2.77763
91	63	2.77651
91	75	2.77637
91	77	2.77698
91	743	2.07846
92	284	2.45732
92	400	2.48638
92	630	2.81374
92	685	2.97347
92	706	2.97394
92	714	2.97448
92	976	1.21159
93	28	2.77999
93	55	2.7782
93	73	2.77636
93	142	2.77509
93	174	2.7757
93	205	2.77651
93	268	2.26274
94	44	2.77868
94	52	2.38899
94	178	0.502026
94	300	2.59129
94	327	2.59162
94	517	3.15442
94	561	3.15504
95	615	2.19682
95	640	3.16228
95	672	2.29444
95	882	2.86785
95	915	3.17657
95	979	3.07177
95	992	3.07262
96	726	3.64829
96	912	2.93731
96	969	2.74325
96	977	2.74347
96	981	2.7438
96	994	2.74419
96	995	2.74461
97	17	2.41594
97	53	2.41445
97	133	2.89305
97	236	2.89305
97	268	3.02759
97	330	3.02826
97	367	2.26274
98	540	2.19087
98	569	2.12046
98	635	2.26829
98	679	2.43038
98	693	2.43004
98	701	2.82158
98	711	2.43027
99	22	2.77999
99	23	2.7782
99	71	2.77636
99	157	2.77509
99	170	2.7757
99	199	2.77651
99	915	2.19517
100	8	2.77984
100	15	2.77805
100	43	2.77621
100	47	2.77509
100	135	2.77555
100	139	2.77637
100	439	2.26274
101	1	2.77999
101	2	2.7782
101	37	2.77636
101	108	2.77509
101	179	2.7757
101	191	2.77651
101	410	2.26274
102	34	2.41445
102	141	2.89272
102	216	2.41
102	243	2.89223
102	338	3.02685
102	415	3.02749
102	751	4.15692
103	872	2.35743
103	877	2.21649
103	881	2.21671
103	887	2.21706
103	890	2.50085
103	904	2.4936
103	943	2.64671
104	744	1.91501
104	804	1.97562
104	882	2.32036
104	915	2.62909
104	979	2.52428
104	991	2.7807
104	992	2.52514
105	123	2.39387
105	194	1.96859
105	301	2.58321
105	359	2.15604
105	441	2.15561
105	512	2.71818
105	532	2.71872
106	145	1.85203
106	723	2.24418
106	757	2.51501
106	850	2.74847
106	858	2.74889
106	916	3.2003
106	923	3.20078
107	62	1.94519
107	215	1.84443
107	340	2.96422
107	343	2.47734
107	344	2.37125
107	403	2.47728
107	506	2.59477
108	1	2.77984
108	2	2.77805
108	37	2.77621
108	101	2.77509
108	179	2.77555
108	191	2.77637
108	198	1.85203
109	418	2.15076
109	450	2.5638
109	476	2.55377
109	580	2.77589
109	682	3.64829
109	800	3.07888
109	870	3.55665
110	286	2.23855
110	468	2.52194
110	496	2.89657
110	556	2.90395
110	570	2.97099
110	658	3.13128
110	923	1.20156
111	291	1.81528
111	348	1.90264
111	553	2.4819
111	614	2.50792
111	617	2.6779
111	738	2.4222
111	801	2.88039
112	27	2.01592
112	467	2.35286
112	474	2.36244
112	533	2.35247
112	572	2.52805
112	629	2.52865
112	651	2.52932
113	48	2.4744
113	149	2.4738
113	212	1.97802
113	227	1.97728
113	409	2.59326
113	411	2.59369
113	426	2.59432
114	29	2.8776
114	49	2.26715
114	250	2.26415
114	276	2.88047
114	294	2.88125
114	331	3.49022
114	783	4.15692
115	32	2.78111
115	51	2.77932
115	125	2.77636
115	127	2.77621
115	173	2.77682
115	252	2.77763
115	542	2.7
116	80	2.40933
116	193	2.40863
116	233	2.49193
116	247	2.91911
116	516	3.22688
116	523	3.2274
116	575	3.16228
117	12	2.78111
117	83	2.77932
117	145	2.77636
117	181	2.77621
117	222	2.77682
117	230	2.77763
117	863	0.926013
118	576	2.42968
118	765	2.91935
118	786	2.58414
118	789	1.42334
118	797	2.86716
118	855	2.76187
118	857	3.12032
119	67	2.78295
119	154	2.77932
119	165	2.7782
119	166	2.77805
119	168	2.77866
119	213	2.77947
119	569	2.7
120	257	1.85203
120	450	3.03275
120	476	3.02272
120	500	3.04754
120	800	3.54783
120	844	1.59583
120	870	4.0256
121	143	1.81392
121	384	2.29383
121	508	2.50209
121	545	2.13072
121	595	2.65001
121	641	2.65022
121	644	2.65064
122	297	2.10247
122	334	2.09032
122	357	2.18087
122	551	2.27298
122	582	2.42238
122	697	2.55388
122	754	3.06296
123	105	2.39387
123	359	2.55847
123	407	2.91728
123	441	2.55803
123	512	3.1206
123	532	3.12114
123	535	2.7
124	4	2.31576
124	64	2.31576
124	177	2.31272
124	251	2.31272
124	312	2.46672
124	373	2.46746
124	414	2.46821
125	32	2.77999
125	51	2.7782
125	115	2.77636
125	127	2.77509
125	173	2.7757
125	252	2.77651
125	956	2.90474
126	5	2.78046
126	21	2.77866
126	24	2.77682
126	50	2.7757
126	54	2.77555
126	161	2.77698
126	481	2.7
127	32	2.77984
127	51	2.77805
127	115	2.77621
127	125	2.77509
127	173	2.77555
127	252	2.77637
127	701	2.37239
128	315	2.25526
128	354	2.19602
128	493	2.33455
128	515	2.37647
128	634	2.50424
128	638	2.50478
128	646	2.50538
129	41	2.26907
129	198	2.26825
129	285	2.42962
129	362	2.42893
129	372	2.42893
129	440	2.42945
129	442	2.43013
130	697	3.64829
130	772	2.54343
130	788	2.49754
130	893	2.7806
130	962	2.94934
130	967	2.94971
130	978	2.95009
131	409	2.26274
131	930	2.67102
131	936	2.61035
131	938	2.84425
131	946	2.84447
131	961	2.8448
131	975	2.84521
132	170	1.85203
132	244	2.27129
132	280	2.88591
132	295	2.88455
132	322	2.88371
132	325	2.88356
132	392	2.8844
133	17	2.41391
133	53	2.41243
133	97	2.89305
133	249	2.89117
133	268	3.02557
133	330	3.02624
133	743	2.07846
134	884	2.60423
134	901	1.96403
134	903	2.56588
134	908	2.67449
134	941	3.06901
134	942	2.74647
134	970	3.02329
135	8	2.78046
135	15	2.77866
135	43	2.77682
135	47	2.7757
135	100	2.77555
135	139	2.77698
135	994	5.80948
136	14	2.76718
136	30	2.76718
136	74	2.9115
136	137	2.32763
136	184	1.85203
136	277	2.94414
136	287	2.94477
137	13	2.91384
137	14	2.18429
137	30	2.18429
137	74	2.32861
137	136	2.32763
137	277	2.36124
137	287	2.36188
138	9	2.44126
138	38	2.17536
138	437	2.7225
138	572	3.16228
138	589	3.10597
138	591	3.10666
138	648	3.10736
139	8	2.78127
139	13	1.85203
139	15	2.77947
139	43	2.77763
139	47	2.77651
139	100	2.77637
139	135	2.77698
140	34	2.41445
140	141	2.89272
140	216	2.41
140	243	2.89223
140	338	3.02685
140	415	3.02749
140	581	3.16228
141	34	2.41437
141	102	2.89272
141	140	2.89272
141	216	2.40992
141	274	2.26274
141	338	3.02677
141	415	3.02741
142	28	2.77984
142	55	2.77805
142	73	2.77621
142	93	2.77509
142	174	2.77555
142	205	2.77637
142	990	2.32634
143	121	1.81392
143	508	2.4775
143	513	2.4114
143	545	2.10612
143	595	2.62541
143	641	2.62563
143	644	2.62605
144	418	2.13137
144	491	2.61955
144	500	2.55919
144	580	2.7565
144	744	4.15692
144	800	3.05949
144	870	3.53726
145	12	2.77999
145	83	2.7782
145	106	1.85203
145	117	2.77636
145	181	2.77509
145	222	2.7757
145	230	2.77651
146	62	2.43775
146	215	2.33699
146	343	2.9699
146	344	2.8638
146	403	2.96984
146	506	3.08733
146	601	3.16228
147	85	1.89854
147	271	2.02392
147	471	1.97807
147	521	2.32426
147	659	2.64983
147	683	2.65027
147	743	3.15945
148	246	1.52018
148	256	1.86149
148	579	2.54911
148	586	2.54931
148	587	2.54982
148	600	2.55053
148	694	3.09799
149	113	2.4738
149	212	2.47082
149	227	2.47009
149	409	3.08606
149	411	3.08649
149	426	3.08712
149	977	5.80948
150	60	2.37147
150	69	2.47744
150	155	2.3717
150	405	3.00274
150	509	3.22786
150	520	3.22828
150	873	0.364884
151	38	1.73116
151	171	2.16029
151	437	2.2783
151	488	2.51056
151	589	2.66177
151	591	2.66246
151	648	2.66316
152	196	1.47692
152	650	2.14676
152	729	2.06264
152	742	2.63915
152	799	2.4957
152	856	2.70397
152	901	3.15545
153	457	2.20987
153	536	2.7
153	753	2.63974
153	808	2.64471
153	842	2.7988
153	873	3.1224
153	925	3.25031
154	67	2.78111
154	119	2.77932
154	165	2.77636
154	166	2.77621
154	168	2.77682
154	186	1.85203
154	213	2.77763
155	69	1.72709
155	150	2.3717
155	361	2.36091
155	405	2.25239
155	486	3.01529
155	509	2.47751
155	520	2.47793
156	206	2.20276
156	298	2.31488
156	377	2.31415
156	481	2.45978
156	536	2.4602
156	544	2.46089
156	547	2.4616
157	22	2.77984
157	23	2.77805
157	71	2.77621
157	99	2.77509
157	170	2.77555
157	199	2.77637
157	641	3.16228
158	265	2.26274
158	782	2.61344
158	816	3.08449
158	823	2.62032
158	828	2.62063
158	863	3.09168
158	867	2.62087
159	217	1.85203
159	668	3.0168
159	703	0.644401
159	785	3.19938
159	798	3.19987
159	849	3.40153
159	880	3.85292
160	11	2.60426
160	278	2.72422
160	349	2.72271
160	454	2.87613
160	528	2.87649
160	542	2.87707
160	820	2.13825
161	5	2.78127
161	21	2.77947
161	24	2.77763
161	50	2.77651
161	54	2.77637
161	126	2.77698
161	400	2.26274
162	68	2.37182
162	164	2.37112
162	202	1.89583
162	266	2.51118
162	303	2.51113
162	374	2.51161
162	395	2.51228
163	293	2.32527
163	337	2.81546
163	455	2.88323
163	464	2.88317
163	477	2.8835
163	479	2.7
163	552	2.884
164	162	2.37112
164	202	2.36796
164	263	2.26274
164	266	2.9833
164	303	2.98325
164	374	2.98373
164	395	2.9844
165	67	2.77999
165	119	2.7782
165	154	2.77636
165	166	2.77509
165	168	2.7757
165	213	2.77651
165	797	1.58938
166	67	2.77984
166	119	2.77805
166	154	2.77621
166	165	2.77509
166	168	2.77555
166	213	2.77637
166	914	0.640436
167	184	2.69551
167	187	2.66275
167	190	2.66773
167	387	2.81457
167	399	2.26274
167	439	2.82057
167	460	3.01184
168	67	2.78046
168	119	2.77866
168	154	2.77682
168	165	2.7757
168	166	2.77555
168	213	2.77698
168	487	2.7
169	558	1.5324
169	672	1.91969
169	804	2.14836
169	895	2.73798
169	979	2.69702
169	991	2.95344
169	992	2.69787
170	22	2.78046
170	23	2.77866
170	71	2.77682
170	99	2.7757
170	132	1.85203
170	157	2.77555
170	199	2.77698
171	38	2.18377
171	151	2.16029
171	488	2.96318
171	589	3.11438
171	591	3.11507
171	648	3.11578
171	784	4.15692
172	323	2.01761
172	461	2.19066
172	524	2.21948
172	592	2.33117
172	602	2.37947
172	728	2.5161
172	769	3.02515
173	32	2.78046
173	51	2.77866
173	115	2.77682
173	125	2.7757
173	127	2.77555
173	252	2.77698
173	925	1.20156
174	28	2.78046
174	55	2.77866
174	73	2.77682
174	93	2.7757
174	142	2.77555
174	205	2.77698
174	878	5.23832
175	74	1.85203
175	376	2.67597
175	452	2.52706
175	480	2.9461
175	494	2.9461
175	507	2.52798
175	605	3.04895
176	930	2.16156
176	938	2.33478
176	946	2.335
176	961	2.33533
176	975	2.33574
176	976	2.57323
176	988	2.57359
177	4	2.77782
177	64	2.77782
177	124	2.31272
177	312	2.92879
177	373	2.92953
177	414	2.93028
177	642	3.16228
178	94	0.502026
178	306	2.94993
178	510	2.7
178	531	3.17109
178	585	3.33026
178	606	3.33083
178	663	3.8782
179	1	2.78046
179	2	2.77866
179	37	2.77682
179	101	2.7757
179	108	2.77555
179	191	2.77698
179	880	2.45505
180	11	2.21948
180	278	2.33944
180	349	2.33792
180	383	2.31493
180	454	2.49135
180	528	2.49171
180	542	2.49228
181	12	2.77984
181	83	2.77805
181	117	2.77621
181	145	2.77509
181	222	2.77555
181	230	2.77637
181	993	2.48075
182	654	2.16667
182	733	2.73153
182	815	2.54839
182	893	5.23832
182	896	2.88079
182	996	3.05204
182	999	3.31271
183	341	2.3081
183	458	2.86999
183	459	2.8701
183	466	2.87056
183	519	2.87122
183	562	2.87182
183	721	3.64829
184	136	1.85203
184	167	2.69551
184	187	2.65061
184	241	2.65856
184	387	2.80243
184	397	2.8678
184	460	2.99969
185	70	2.35014
185	474	2.76463
185	533	2.75465
185	572	2.93023
185	629	2.93083
185	651	2.9315
185	937	5.23832
186	154	1.85203
186	341	2.3081
186	458	2.86999
186	459	2.8701
186	466	2.87056
186	519	2.87122
186	562	2.87182
187	167	2.66275
187	184	2.65061
187	363	2.78212
187	397	2.83505
187	439	2.77567
187	460	2.96694
187	737	3.64829
188	19	2.78748
188	229	2.81082
188	299	2.94093
188	396	2.52125
188	423	2.52188
188	530	3.08471
188	736	3.64829
189	289	2.17776
189	315	2.72506
189	515	2.84627
189	621	3.16228
189	634	2.97404
189	638	2.97458
189	646	2.97518
190	167	2.66773
190	241	2.63078
190	363	2.7871
190	397	2.84002
190	439	2.78065
190	460	2.97192
190	564	2.7
191	1	2.78127
191	2	2.77947
191	37	2.77763
191	101	2.77651
191	108	2.77637
191	179	2.77698
191	995	5.80948
192	722	2.40629
192	734	1.82414
192	798	2.55886
192	809	2.62254
192	831	3.10016
192	849	2.76052
192	880	3.21192
193	20	2.47978
193	116	2.40863
193	233	1.97746
193	247	2.40464
193	248	1.9779
193	516	2.71242
193	523	2.71293
194	105	1.96859
194	301	2.56036
194	359	2.1332
194	407	2.49201
194	441	2.13276
194	512	2.69533
194	532	2.69587
195	380	2.32412
195	434	2.42726
195	468	2.61973
195	556	3.00175
195	570	3.06878
195	617	3.16228
195	658	3.22907
196	152	1.47692
196	742	2.88083
196	759	4.15692
196	799	2.73739
196	822	3.21548
196	856	2.94566
196	901	3.39713
197	274	2.54316
197	328	2.50237
197	531	2.64893
197	582	3.16228
197	585	2.8081
197	606	2.80868
197	663	3.35604
198	108	1.85203
198	129	2.26825
198	285	2.88111
198	362	2.88043
198	372	2.88043
198	440	2.88095
198	442	2.88163
199	22	2.78127
199	23	2.77947
199	71	2.77763
199	79	1.85203
199	99	2.77651
199	157	2.77637
199	170	2.77698
200	335	2.26274
200	418	2.13685
200	476	2.53986
200	491	2.62503
200	580	2.76198
200	800	3.06497
200	870	3.54275
201	690	1.91476
201	782	2.29358
201	816	2.76463
201	823	2.30046
201	828	2.30077
201	863	2.77181
201	867	2.301
202	68	2.36866
202	162	1.89583
202	164	2.36796
202	266	2.50802
202	303	2.50797
202	374	2.50845
202	395	2.50912
203	472	2.53953
203	499	2.48649
203	524	2.59938
203	602	2.75936
203	728	2.89599
203	757	4.15692
203	769	3.40504
204	832	2.72759
204	835	2.72771
204	844	3.00896
204	854	2.72835
204	859	2.72881
204	868	2.72923
204	889	1.20156
205	28	2.78127
205	55	2.77947
205	73	2.77763
205	93	2.77651
205	142	2.77637
205	174	2.77698
205	695	3.64829
206	46	2.20276
206	156	2.20276
206	461	2.7
206	481	3.06163
206	536	3.06205
206	544	3.06273
206	547	3.06345
207	736	2.05128
207	761	2.40817
207	810	1.84945
207	865	2.51159
207	918	2.49814
207	985	2.68228
207	989	2.68264
208	226	0.0322557
208	478	3.1271
208	492	3.06423
208	575	3.30769
208	590	3.30826
208	688	3.85563
208	770	4.15692
209	294	2.26274
209	510	1.96185
209	853	2.55743
209	900	3.05192
209	909	2.7428
209	973	3.17163
209	986	3.17212
210	52	2.34832
210	86	1.85203
210	300	2.55061
210	302	2.98243
210	327	2.55094
210	517	3.11375
210	561	3.11437
211	399	2.21302
211	463	2.32228
211	511	2.31977
211	573	2.45637
211	588	2.45635
211	612	2.45666
211	653	2.45714
212	48	2.47142
212	113	1.97802
212	149	2.47082
212	227	1.9743
212	409	2.59028
212	411	2.59071
212	426	2.59134
213	67	2.78127
213	119	2.77947
213	154	2.77763
213	165	2.77651
213	166	2.77637
213	168	2.77698
213	675	3.64829
214	59	2.27561
214	254	2.8384
214	265	2.88688
214	320	2.88728
214	365	2.88802
214	379	2.88874
214	708	3.64829
215	62	1.95122
215	107	1.84443
215	146	2.33699
215	340	2.97025
215	343	2.48337
215	403	2.48331
215	506	2.6008
216	34	1.93165
216	102	2.41
216	140	2.41
216	141	2.40992
216	243	2.40943
216	338	2.54406
216	415	2.54469
217	159	1.85203
217	305	3.09199
217	329	2.61926
217	333	3.09159
217	336	2.61961
217	370	2.62013
217	371	2.62062
218	16	2.57503
218	33	2.57382
218	39	2.57249
218	228	2.57096
218	310	3.18719
218	352	3.18766
218	972	5.80948
219	321	1.99026
219	368	1.99026
219	369	2.03814
219	475	2.59884
219	527	2.59883
219	631	2.7345
219	642	2.73496
220	568	1.78602
220	608	2.35062
220	643	2.30488
220	647	2.34195
220	699	2.93144
220	705	2.39344
220	807	2.571
221	690	1.91476
221	782	2.29358
221	816	2.76463
221	823	2.30046
221	828	2.30077
221	863	2.77181
221	867	2.301
222	12	2.78046
222	83	2.77866
222	117	2.77682
222	145	2.7757
222	181	2.77555
222	230	2.77698
222	312	2.26274
223	229	2.78546
223	299	2.91557
223	366	2.91564
223	396	2.49589
223	423	2.49652
223	530	3.05935
223	637	3.16228
224	673	1.96227
224	757	2.13812
224	813	2.16886
224	850	2.37158
224	858	2.37201
224	916	2.82341
224	923	2.82389
225	557	1.63406
225	777	2.62477
225	789	2.65233
225	802	2.3208
225	805	2.32117
225	812	2.3217
225	833	2.79956
226	208	0.0322557
226	262	2.26274
226	633	2.76835
226	708	3.01475
226	921	3.48742
226	937	3.48779
226	997	3.9166
227	48	2.47068
227	113	1.97728
227	149	2.47009
227	212	1.9743
227	409	2.58954
227	411	2.58997
227	426	2.5906
228	7	2.57398
228	16	2.0597
228	33	2.0585
228	39	2.05717
228	218	2.57096
228	310	2.67186
228	352	2.67233
229	188	2.81082
229	223	2.78546
229	366	2.93921
229	396	2.51946
229	423	2.52009
229	530	3.08292
229	764	1.42334
230	12	2.78127
230	83	2.77947
230	117	2.77763
230	145	2.77651
230	181	2.77637
230	222	2.77698
230	334	2.26274
231	356	2.66906
231	437	2.26274
231	469	2.8329
231	503	2.45674
231	505	2.86094
231	537	2.86094
231	609	2.97892
232	59	2.8419
232	265	3.45316
232	320	3.45356
232	332	2.26274
232	365	3.4543
232	379	3.45502
232	850	4.68722
233	20	2.56308
233	80	1.97816
233	116	2.49193
233	193	1.97746
233	248	2.06119
233	516	2.79572
233	523	2.79623
234	65	2.0036
234	324	2.26274
234	487	2.77262
234	492	2.65132
234	575	2.89478
234	590	2.89535
234	688	3.44272
235	3	1.95997
235	467	2.7
235	603	2.93766
235	610	2.93788
235	628	2.9384
235	636	2.93908
235	652	2.93974
236	17	2.41391
236	53	2.41243
236	97	2.89305
236	249	2.89117
236	268	3.02557
236	330	3.02624
236	440	2.26274
237	350	2.05616
237	382	2.26274
237	876	2.63568
237	960	3.05826
237	965	2.78789
237	983	3.0627
237	993	3.06296
238	518	2.23521
238	525	2.14231
238	539	2.14231
238	571	2.3607
238	611	2.31619
238	665	2.48308
238	793	2.99227
239	620	3.16228
239	825	2.4663
239	874	2.64159
239	940	2.82245
239	950	3.079
239	953	2.8232
239	964	2.82359
240	366	2.26274
240	498	2.15471
240	729	2.28616
240	799	2.71922
240	822	3.19731
240	856	2.92749
240	901	3.37896
241	184	2.65856
241	190	2.63078
241	363	2.79007
241	387	2.77763
241	397	2.843
241	424	2.26274
241	460	2.97489
242	318	2.37042
242	347	1.95803
242	469	2.7
242	689	2.98665
242	704	3.05294
242	780	3.15513
242	790	3.15569
243	34	2.41388
243	102	2.89223
243	140	2.89223
243	216	2.40943
243	338	3.02629
243	415	3.02692
243	733	2.43149
244	132	2.27129
244	280	2.30789
244	295	2.30653
244	322	2.30569
244	325	2.30553
244	353	2.88267
244	392	2.30638
245	501	1.84602
245	682	2.21891
245	752	2.26433
245	826	2.47234
245	839	2.47258
245	852	2.47298
245	883	2.92435
246	148	1.52018
246	263	2.05712
246	579	2.50668
246	586	2.50688
246	587	2.50739
246	600	2.5081
246	694	3.05556
247	80	2.40534
247	116	2.91911
247	193	2.40464
247	248	2.48837
247	516	3.2229
247	523	3.22341
247	762	1.65447
248	20	2.56351
248	80	1.97859
248	193	1.9779
248	233	2.06119
248	247	2.48837
248	516	2.79615
248	523	2.79666
249	17	2.41406
249	53	2.41257
249	61	1.85203
249	133	2.89117
249	236	2.89117
249	268	3.02572
249	330	3.02639
250	29	2.42433
250	49	1.81388
250	81	2.26415
250	114	2.26415
250	276	2.4272
250	294	2.42797
250	331	3.03695
251	4	2.77782
251	64	2.77782
251	124	2.31272
251	312	2.92879
251	373	2.92953
251	414	2.93028
251	679	3.64829
252	32	2.78127
252	51	2.77947
252	115	2.77763
252	125	2.77651
252	127	2.77637
252	173	2.77698
252	460	2.7
253	386	1.74304
253	498	1.92628
253	650	2.14185
253	729	2.05773
253	822	2.96888
253	856	2.69906
253	901	3.15053
254	59	2.27422
254	214	2.8384
254	265	2.88548
254	320	2.88588
254	365	2.88662
254	379	2.88734
254	608	3.16228
255	430	2.41113
255	603	2.84996
255	610	2.85018
255	628	2.8507
255	636	2.85138
255	652	2.85204
255	728	3.64829
256	148	1.86149
256	579	2.84799
256	586	2.84819
256	587	2.8487
256	600	2.84941
256	638	3.16228
256	694	3.39687
257	120	1.85203
257	263	2.31049
257	579	2.76005
257	586	2.76024
257	587	2.76076
257	600	2.76146
257	694	3.30892
258	298	2.26274
258	428	2.60739
258	436	2.54342
258	546	2.81176
258	666	3.09171
258	720	3.12818
258	725	3.07006
258	731	3.12851
259	76	2.62124
259	305	3.27119
259	329	2.79847
259	333	3.27079
259	336	2.79881
259	370	2.79933
259	371	2.79982
259	388	2.26274
260	37	2.26274
260	345	1.81464
260	676	2.67054
260	775	2.88303
260	819	3.09641
260	838	3.07116
260	886	3.20795
260	955	3.63678
261	637	2.07006
261	682	2.43953
261	727	2.34779
261	737	2.30563
261	826	2.69296
261	839	2.6932
261	852	2.69359
261	883	3.14497
262	65	2.14484
262	226	2.26274
262	478	2.85542
262	487	2.91386
262	492	2.79256
262	575	3.03601
262	590	3.03658
262	688	3.58396
263	164	2.26274
263	246	2.05712
263	257	2.31049
263	579	3.08606
263	586	3.08626
263	587	3.08677
263	600	3.08747
263	694	3.63494
264	348	1.92976
264	553	2.50902
264	578	2.6243
264	614	2.53505
264	617	2.70502
264	664	2.7181
264	738	2.44933
264	801	2.90752
265	59	2.3227
265	158	2.26274
265	214	2.88688
265	232	3.45316
265	254	2.88548
265	320	2.93437
265	365	2.9351
265	379	2.93583
266	68	2.98401
266	162	2.51118
266	164	2.9833
266	202	2.50802
266	303	3.12332
266	374	3.1238
266	395	3.12447
266	624	3.16228
267	358	1.98906
267	678	2.48857
267	733	2.77034
267	805	4.15692
267	956	3.34487
267	996	3.09085
267	999	3.35152
267	1000	3.34607
268	17	2.54846
268	53	2.54697
268	93	2.26274
268	97	3.02759
268	133	3.02557
268	236	3.02557
268	249	3.02572
268	330	3.16078
269	422	2.30872
269	449	2.2998
269	685	3.64829
269	695	2.79643
269	745	2.93502
269	776	3.05984
269	910	3.27415
269	998	3.68023
270	708	2.59386
270	712	2.6001
270	716	2.61944
270	821	2.93242
270	840	4.15692
270	921	3.06653
270	937	3.06691
270	997	3.49571
271	147	2.02392
271	389	2.60056
271	521	2.82953
271	640	2.93934
271	659	3.15511
271	683	3.15555
271	743	3.66472
271	777	2.07846
272	78	2.80994
272	321	2.4767
272	368	2.4767
272	475	3.08527
272	527	3.08527
272	631	3.22094
272	642	3.2214
272	970	1.95765
273	352	2.26274
273	502	2.66496
273	518	2.79542
273	525	2.70251
273	539	2.70251
273	571	2.92091
273	665	3.04329
273	793	3.55248
274	141	2.26274
274	197	2.54316
274	283	2.72425
274	306	2.66893
274	328	2.74352
274	585	3.04926
274	606	3.04983
274	663	3.5972
275	618	2.23458
275	862	2.12498
275	898	2.86959
275	905	2.89932
275	911	2.96195
275	957	3.04509
275	958	3.29914
275	972	3.04589
276	29	3.04065
276	49	2.43021
276	78	2.26274
276	81	2.88047
276	114	2.88047
276	250	2.4272
276	294	3.0443
276	331	3.65328
277	13	3.53036
277	14	2.8008
277	30	2.8008
277	74	2.94512
277	136	2.94414
277	137	2.36124
277	287	2.97839
277	971	2.75596
278	160	2.72422
278	180	2.33944
278	338	2.26274
278	349	2.97438
278	383	2.95139
278	454	3.12781
278	528	3.12817
278	542	3.12874
279	761	2.66328
279	846	2.82623
279	851	4.68722
279	865	2.7667
279	891	3.07795
279	963	3.16059
279	985	2.93739
279	989	2.93775
280	132	2.88591
280	244	2.30789
280	295	2.92116
280	322	2.92032
280	325	2.92016
280	353	3.4973
280	392	2.921
280	907	5.23832
281	282	1.50355
281	404	1.91773
281	741	2.48391
281	789	3.06536
281	802	2.73383
281	805	2.7342
281	812	2.73473
281	833	3.21259
282	281	1.50355
282	741	2.32093
282	777	2.87482
282	789	2.90238
282	802	2.57085
282	805	2.57122
282	812	2.57175
282	833	3.04961
283	274	2.72425
283	306	2.60886
283	328	2.68345
283	531	2.83002
283	585	2.98919
283	606	2.98977
283	663	3.53713
283	861	1.86337
284	92	2.45732
284	577	2.89469
284	622	2.89418
284	630	2.9096
284	636	3.16228
284	685	3.06934
284	706	3.0698
284	714	3.07035
285	41	2.88194
285	129	2.42962
285	198	2.88111
285	362	3.0418
285	372	3.0418
285	440	3.04231
285	442	3.043
285	1000	2.32183
286	110	2.23855
286	429	2.13045
286	434	2.20292
286	468	2.39539
286	496	2.77003
286	556	2.77741
286	570	2.84444
286	658	3.00473
287	13	3.53099
287	14	2.80144
287	30	2.80144
287	74	2.94576
287	136	2.94477
287	137	2.36188
287	277	2.97839
287	955	2.21196
288	297	2.64908
288	357	2.72748
288	416	2.50203
288	551	2.81959
288	582	2.96898
288	662	1.13137
288	697	3.10049
288	754	3.60957
289	189	2.17776
289	315	2.47221
289	354	2.41297
289	493	2.5515
289	515	2.59343
289	634	2.7212
289	638	2.72173
289	646	2.72234
290	451	2.7
290	772	2.66135
290	869	2.71219
290	893	2.89852
290	924	2.88435
290	962	3.06726
290	967	3.06763
290	978	3.06801
291	111	1.81528
291	444	2.41606
291	553	2.54769
291	578	2.66297
291	617	2.7437
291	664	2.75677
291	738	2.488
291	801	2.94619
292	311	2.83104
292	390	2.48125
292	425	2.3651
292	567	3.01882
292	574	3.11828
292	590	3.16228
292	623	3.17801
292	783	3.37891
293	163	2.32527
293	337	2.48986
293	417	2.38473
293	421	2.95756
293	455	2.55763
293	464	2.55757
293	477	2.5579
293	552	2.5584
294	29	3.04143
294	49	2.43098
294	81	2.88125
294	114	2.88125
294	209	2.26274
294	250	2.42797
294	276	3.0443
294	331	3.65405
295	132	2.88455
295	244	2.30653
295	280	2.92116
295	322	2.91896
295	325	2.9188
295	353	3.49594
295	392	2.91965
295	834	2.12498
296	353	1.13137
296	678	2.37914
296	815	2.47777
296	896	2.81017
296	956	3.23543
296	996	2.98141
296	999	3.24208
296	1000	3.23664
297	54	2.26274
297	122	2.10247
297	288	2.64908
297	357	2.87374
297	427	2.6274
297	582	3.11524
297	697	3.24675
297	754	3.75583
298	46	2.31488
298	156	2.31488
298	258	2.26274
298	377	3.02811
298	481	3.17375
298	536	3.17416
298	544	3.17485
298	547	3.17556
299	19	2.9158
299	188	2.94093
299	223	2.91557
299	366	3.06932
299	396	2.64957
299	423	2.6502
299	432	2.26274
299	530	3.21302
300	44	2.46533
300	52	2.07565
300	94	2.59129
300	210	2.55061
300	302	2.70976
300	327	2.27827
300	517	2.84108
300	561	2.8417
301	105	2.58321
301	194	2.56036
301	359	2.74781
301	407	3.10663
301	441	2.74738
301	512	3.30995
301	532	3.31049
301	788	4.15692
302	44	2.89715
302	51	2.26274
302	52	2.50746
302	210	2.98243
302	300	2.70976
302	327	2.71009
302	517	3.27289
302	561	3.27352
303	68	2.98396
303	162	2.51113
303	164	2.98325
303	202	2.50797
303	266	3.12332
303	374	3.12374
303	395	3.12441
303	864	1.65084
304	353	1.13137
304	872	2.8855
304	877	2.74456
304	881	2.74477
304	887	2.74512
304	890	3.02892
304	904	3.02166
304	943	3.17477
305	76	2.65667
305	217	3.09199
305	259	3.27119
305	329	2.8339
305	336	2.83425
305	370	2.83476
305	371	2.83526
305	974	1.6925
306	178	2.94993
306	274	2.66893
306	283	2.60886
306	531	2.7747
306	561	2.7
306	585	2.93387
306	606	2.93444
306	663	3.48181
307	498	2.7
307	615	2.13035
307	882	2.80138
307	895	3.04626
307	915	3.1101
307	979	3.0053
307	991	3.26172
307	992	3.00615
308	58	2.98177
308	77	1.24641
308	364	2.98504
308	526	3.28147
308	608	3.62284
308	705	3.66566
308	807	3.84322
308	887	5.23832
309	456	1.8992
309	649	2.41815
309	674	2.93796
309	675	2.62346
309	680	2.62357
309	719	2.62395
309	724	2.62449
309	732	2.62507
310	7	3.19021
310	16	2.67594
310	33	2.67473
310	39	2.6734
310	218	3.18719
310	228	2.67186
310	352	3.28856
310	450	2.7
311	292	2.83104
311	314	2.83084
311	425	2.42248
311	433	2.4225
311	488	2.7
311	574	3.17567
311	623	3.2354
311	783	3.43629
312	4	2.93182
312	64	2.93182
312	124	2.46672
312	177	2.92879
312	222	2.26274
312	251	2.92879
312	373	3.08352
312	414	3.08427
313	619	2.74003
313	687	2.82533
313	691	2.8512
313	703	3.17882
313	717	2.75954
313	735	2.77899
313	750	4.15692
313	897	3.23438
314	79	3.01118
314	311	2.83084
314	390	2.48105
314	433	2.36492
314	574	3.11808
314	623	3.17781
314	783	3.37871
314	982	5.80948
315	43	2.26274
315	128	2.25526
315	189	2.72506
315	289	2.47221
315	493	3.09881
315	634	3.2685
315	638	3.26904
315	646	3.26964
316	356	2.84757
316	424	2.82777
316	431	2.82637
316	503	2.63526
316	505	3.03945
316	537	3.03945
316	609	3.15744
316	748	4.15692
317	726	2.4934
317	747	3.64829
317	753	2.72308
317	762	3.0156
317	808	2.72805
317	842	2.88214
317	873	3.20574
317	925	3.33365
318	242	2.37042
318	347	2.07265
318	689	3.10127
318	696	3.11067
318	702	3.64829
318	704	3.16756
318	780	3.26975
318	790	3.27031
319	10	2.47379
319	31	2.472
319	332	2.99957
319	346	3.10443
319	385	2.99821
319	398	3.10345
319	483	3.2228
319	986	2.34739
320	59	2.3231
320	214	2.88728
320	232	3.45356
320	254	2.88588
320	265	2.93437
320	365	2.9355
320	379	2.93622
320	814	2.28717
321	78	2.46878
321	219	1.99026
321	272	2.4767
321	369	2.18341
321	475	2.74411
321	527	2.7441
321	631	2.87977
321	642	2.88023
322	132	2.88371
322	244	2.30569
322	280	2.92032
322	295	2.91896
322	325	2.91796
322	353	3.4951
322	392	2.91881
322	628	3.16228
323	172	2.01761
323	461	2.81579
323	472	2.78477
323	592	2.9563
323	602	3.0046
323	728	3.14124
323	769	3.65028
323	781	4.15692
324	234	2.26274
324	794	2.47816
324	874	2.89342
324	906	2.88061
324	926	2.88077
324	940	3.07427
324	953	3.07502
324	964	3.07541
325	132	2.88356
325	244	2.30553
325	280	2.92016
325	295	2.9188
325	322	2.91796
325	353	3.49494
325	392	2.91865
325	919	5.23832
326	404	2.26274
326	834	2.96288
326	836	2.58298
326	892	2.76019
326	922	2.83339
326	934	2.75982
326	971	3.22079
326	990	3.26215
327	44	2.46566
327	52	2.07598
327	94	2.59162
327	210	2.55094
327	300	2.27827
327	302	2.71009
327	517	2.84141
327	561	2.84203
328	197	2.50237
328	274	2.74352
328	283	2.68345
328	523	2.7
328	531	2.84929
328	585	3.00846
328	606	3.00904
328	663	3.5564
329	76	2.18395
329	217	2.61926
329	259	2.79847
329	305	2.8339
329	333	2.8335
329	336	2.36152
329	370	2.36204
329	371	2.36253
330	17	2.54913
330	53	2.54764
330	97	3.02826
330	133	3.02624
330	236	3.02624
330	249	3.02639
330	268	3.16078
330	438	2.26274
331	49	3.03996
331	81	3.49022
331	114	3.49022
331	250	3.03695
331	276	3.65328
331	294	3.65405
331	602	3.16228
331	632	3.16228
332	10	2.36798
332	232	2.26274
332	319	2.99957
332	346	2.99863
332	381	2.99794
332	385	2.8924
332	398	2.99765
332	483	3.117
333	76	2.65627
333	217	3.09159
333	259	3.27079
333	329	2.8335
333	336	2.83384
333	370	2.83436
333	371	2.83486
333	779	3.06069
334	122	2.09032
334	230	2.26274
334	416	2.63614
334	427	2.61525
334	551	2.9537
334	582	3.10309
334	697	3.2346
334	754	3.74368
335	26	1.80827
335	200	2.26274
335	655	2.8549
335	667	2.73775
335	779	3.24482
335	786	3.0087
335	855	3.18643
335	857	3.54489
336	76	2.18429
336	217	2.61961
336	259	2.79881
336	305	2.83425
336	329	2.36152
336	333	2.83384
336	370	2.36238
336	371	2.36288
337	5	2.26274
337	163	2.81546
337	293	2.48986
337	417	2.87492
337	455	3.04782
337	464	3.04776
337	477	3.04809
337	552	3.04859
338	34	2.5485
338	102	3.02685
338	140	3.02685
338	141	3.02677
338	216	2.54406
338	243	3.02629
338	278	2.26274
338	415	3.16154
339	412	1.92985
339	448	1.87081
339	449	2.06496
339	625	2.51021
339	745	2.70018
339	748	2.80587
339	910	3.03931
339	998	3.44539
340	107	2.96422
340	215	2.97025
340	343	3.60316
340	344	3.49706
340	403	3.6031
340	506	3.72058
340	592	3.16228
340	831	0.0428676
341	57	2.3081
341	183	2.3081
341	186	2.3081
341	458	2.68518
341	459	2.68529
341	466	2.68575
341	519	2.68641
341	562	2.68701
342	604	1.89082
342	656	2.06856
342	792	2.23809
342	853	2.45353
342	900	2.94803
342	909	2.6389
342	973	3.06773
342	986	3.06822
343	62	2.58413
343	107	2.47734
343	146	2.9699
343	215	2.48337
343	340	3.60316
343	344	3.01019
343	412	2.26274
343	506	3.23371
344	62	2.47804
344	107	2.37125
344	146	2.8638
344	340	3.49706
344	343	3.01019
344	403	3.01012
344	506	3.12761
344	958	2.96213
345	260	1.81464
345	740	2.34905
345	775	2.42478
345	819	2.63815
345	829	2.5897
345	838	2.6129
345	886	2.74969
345	955	3.17853
346	10	2.47285
346	31	2.47107
346	319	3.10443
346	332	2.99863
346	362	2.26274
346	381	3.1028
346	385	2.99727
346	483	3.22186
347	242	1.95803
347	318	2.07265
347	559	2.46611
347	689	2.68888
347	696	2.69828
347	704	2.75517
347	780	2.85736
347	790	2.85791
348	111	1.90264
348	264	1.92976
348	444	2.50341
348	578	2.75032
348	617	2.83105
348	664	2.84412
348	738	2.57535
348	801	3.03354
349	160	2.72271
349	180	2.33792
349	278	2.97438
349	383	2.94988
349	454	3.1263
349	528	3.12665
349	542	3.12723
349	612	3.16228
350	237	2.05616
350	447	2.7
350	599	2.51301
350	848	2.93503
350	851	2.92797
350	878	3.10026
350	960	3.56573
350	965	3.29535
351	390	2.54602
351	425	2.42987
351	433	2.42989
351	567	3.08359
351	574	3.18306
351	623	3.24279
351	783	3.44368
351	790	4.15692
352	7	3.19067
352	16	2.6764
352	33	2.67519
352	39	2.67386
352	218	3.18766
352	228	2.67233
352	273	2.26274
352	310	3.28856
353	244	2.88267
353	280	3.4973
353	295	3.49594
353	296	1.13137
353	304	1.13137
353	322	3.4951
353	325	3.49494
353	392	3.49579
354	128	2.19602
354	289	2.41297
354	374	2.26274
354	493	3.03957
354	515	3.08149
354	634	3.20926
354	638	3.2098
354	646	3.2104
355	36	1.5469
355	86	1.96125
355	559	2.5532
355	689	2.77597
355	696	2.78537
355	704	2.84226
355	780	2.94445
355	790	2.945
356	81	2.26274
356	231	2.66906
356	316	2.84757
356	469	3.0011
356	503	2.62494
356	505	3.02914
356	537	3.02914
356	609	3.14712
357	122	2.18087
357	288	2.72748
357	297	2.87374
357	401	2.26274
357	416	2.72669
357	427	2.7058
357	697	3.32515
