1	23	2.78295
1	54	2.78111
1	113	2.77999
1	144	2.77984
1	159	2.78046
1	172	2.78127
1	533	2.7
2	38	2.78295
2	84	2.78111
2	160	2.77999
2	185	2.77984
2	211	2.78046
2	217	2.78127
2	474	2.7
3	32	2.78295
3	62	1.85203
3	76	2.78111
3	158	2.77999
3	203	2.77984
3	222	2.78046
3	224	2.78127
4	48	2.78295
4	117	2.78111
4	137	2.77999
4	138	2.77984
4	182	2.78046
4	186	2.78127
4	584	0.926013
5	162	2.06743
5	227	2.02833
5	314	2.21773
5	339	2.21726
5	400	2.5929
5	448	2.7797
5	499	2.78019
6	242	1.97859
6	526	2.66533
6	539	2.54288
6	778	3.03538
6	779	3.42247
6	780	3.03613
6	943	5.23832
7	12	2.78295
7	16	2.78111
7	40	2.77999
7	58	2.77984
7	128	2.78046
7	183	2.78127
7	207	1.85203
8	386	2.26274
8	673	2.41164
8	751	2.66864
8	828	2.89589
8	849	2.89618
8	869	2.89658
8	890	2.89699
9	585	1.93194
9	685	2.07475
9	756	2.27096
9	867	2.40805
9	958	2.66323
9	959	2.6636
9	983	2.66403
10	41	2.78295
10	63	2.78111
10	170	2.77999
10	193	2.77984
10	196	2.78046
10	226	2.78127
10	884	0.650461
11	43	2.42697
11	100	2.87974
11	125	3.02976
11	147	2.42413
11	154	2.87868
11	310	3.04106
11	885	4.68722
12	7	2.78295
12	16	2.77932
12	40	2.7782
12	58	2.77805
12	128	2.77866
12	183	2.77947
12	996	2.69938
13	37	1.98176
13	116	2.47338
13	141	1.97939
13	248	2.47203
13	257	2.59428
13	355	2.59471
13	363	2.59533
14	157	2.31576
14	163	2.77782
14	218	2.77782
14	268	2.93182
14	338	2.93256
14	417	2.93331
14	871	1.44548
15	17	2.78295
15	26	2.78111
15	65	2.77999
15	88	2.77984
15	93	2.78046
15	195	2.78127
15	828	4.68722
16	7	2.78111
16	12	2.77932
16	40	2.77636
16	58	2.77621
16	128	2.77682
16	183	2.77763
16	932	2.61916
17	15	2.78295
17	26	2.77932
17	65	2.7782
17	88	2.77805
17	93	2.77866
17	195	2.77947
17	870	1.91962
18	35	2.78295
18	53	2.78111
18	85	2.77999
18	104	2.77984
18	155	2.78046
18	204	2.78127
18	714	3.64829
19	45	2.47503
19	131	1.98082
19	175	1.9794
19	232	2.47231
19	267	2.59396
19	422	2.59426
19	428	2.59483
20	28	2.78295
20	62	2.78111
20	99	2.77999
20	168	2.77984
20	174	2.78046
20	231	2.78127
20	876	4.68722
21	393	2.30804
21	431	2.86992
21	436	2.7
21	485	2.87003
21	491	2.87051
21	534	2.87119
21	541	2.87182
22	31	2.47411
22	72	2.47411
22	129	1.97898
22	214	1.97846
22	329	2.5946
22	410	2.59515
22	414	2.59583
23	1	2.78295
23	38	1.85203
23	54	2.77932
23	113	2.7782
23	144	2.77805
23	159	2.77866
23	172	2.77947
24	66	2.78295
24	89	2.78111
24	94	2.77999
24	127	2.77984
24	171	2.78046
24	180	2.78127
24	686	3.64829
25	446	2.7
25	452	2.52031
25	456	2.51966
25	548	2.51911
25	632	3.03873
25	638	3.03905
25	656	3.03946
26	15	2.78111
26	17	2.77932
26	65	2.77636
26	88	2.77621
26	93	2.77682
26	195	2.77763
26	989	5.80948
27	324	0.476245
27	772	2.96687
27	777	2.62217
27	797	2.53871
27	821	3.0163
27	843	2.75883
27	882	2.75926
28	20	2.78295
28	62	2.77932
28	99	2.7782
28	168	2.77805
28	174	2.77866
28	231	2.77947
28	984	3.02814
29	111	2.31576
29	184	2.77782
29	221	2.77782
29	296	2.93182
29	319	2.93256
29	327	2.93331
29	961	2.24961
30	75	2.78295
30	90	2.78111
30	133	2.77999
30	148	2.77984
30	192	2.78046
30	219	2.78127
30	251	2.26274
31	22	2.47411
31	84	1.85203
31	129	2.4695
31	214	2.46897
31	329	3.08512
31	410	3.08566
31	414	3.08635
32	3	2.78295
32	76	2.77932
32	158	2.7782
32	203	2.77805
32	222	2.77866
32	224	2.77947
32	423	2.26274
33	176	2.27129
33	279	2.88591
33	294	2.88455
33	337	2.88371
33	354	2.88356
33	420	2.8844
33	967	2.24961
34	393	1.73454
34	431	2.29642
34	485	2.29653
34	491	2.29701
34	534	2.29769
34	541	2.29832
35	18	2.78295
35	53	2.77932
35	85	2.7782
35	104	2.77805
35	155	2.77866
35	204	2.77947
35	318	2.26274
36	46	2.37182
36	201	2.36866
36	245	2.98401
36	289	2.98396
36	391	2.98444
36	405	2.98511
36	921	5.23832
37	13	1.98176
37	116	2.4721
37	141	1.97811
37	248	2.47075
37	257	2.593
37	355	2.59343
37	363	2.59406
38	2	2.78295
38	23	1.85203
38	84	2.77932
38	160	2.7782
38	185	2.77805
38	211	2.77866
38	217	2.77947
39	404	2.26274
39	452	2.52031
39	456	2.51966
39	548	2.51911
39	632	3.03873
39	638	3.03905
39	656	3.03946
40	7	2.77999
40	12	2.7782
40	16	2.77636
40	58	2.77509
40	128	2.7757
40	183	2.77651
40	329	2.26274
41	10	2.78295
41	63	2.77932
41	170	2.7782
41	193	2.77805
41	196	2.77866
41	226	2.77947
41	365	2.26274
42	60	2.06369
42	79	2.06188
42	135	2.57433
42	187	2.57433
42	210	2.06045
42	320	2.67701
42	365	2.67764
43	11	2.42697
43	73	3.03048
43	100	2.2736
43	125	2.42362
43	147	1.81799
43	154	2.27254
43	310	2.43492
44	275	2.26274
44	438	2.10882
44	559	2.68573
44	664	2.84294
44	672	2.84305
44	693	2.84341
44	795	3.35253
45	19	2.47503
45	131	2.47336
45	175	2.47194
45	267	3.0865
45	326	2.26274
45	422	3.08681
45	428	3.08738
46	36	2.37182
46	126	2.37112
46	201	1.89583
46	245	2.51118
46	289	2.51113
46	391	2.51161
46	405	2.51228
47	759	4.15692
47	911	2.5343
47	970	2.76595
47	971	2.7662
47	973	3.04861
47	989	2.76723
47	994	2.76759
48	4	2.78295
48	117	2.77932
48	137	2.7782
48	138	2.77805
48	160	1.85203
48	182	2.77866
48	186	2.77947
49	67	2.37263
49	98	2.37116
49	301	2.98451
49	373	2.98429
49	389	2.98466
49	409	2.98528
49	899	5.23832
50	149	1.69255
50	194	2.09847
50	385	2.40244
50	518	2.53848
50	554	2.64855
50	566	2.64914
50	634	2.64975
51	188	2.20276
51	313	2.31488
51	359	2.31415
51	477	2.45978
51	503	2.4602
51	504	2.46089
51	511	2.4616
52	287	2.26274
52	643	2.13145
52	768	2.5526
52	861	2.74032
52	870	2.97032
52	956	2.98815
52	997	3.28965
53	18	2.78111
53	35	2.77932
53	85	2.77636
53	104	2.77621
53	155	2.77682
53	204	2.77763
53	723	1.82414
54	1	2.78111
54	23	2.77932
54	113	2.77636
54	144	2.77621
54	159	2.77682
54	172	2.77763
54	295	1.13137
55	273	2.92445
55	276	2.92445
55	297	2.92661
55	307	2.92661
55	315	2.47393
55	340	2.47442
55	508	2.7
56	169	2.17898
56	259	2.3108
56	358	2.30765
56	436	2.47197
56	488	2.47209
56	500	2.4726
56	527	2.47324
57	132	2.24014
57	239	2.29421
57	398	2.28185
57	509	2.42454
57	514	2.43194
57	538	2.43022
57	601	2.57816
58	7	2.77984
58	12	2.77805
58	16	2.77621
58	40	2.77509
58	96	1.85203
58	128	2.77555
58	183	2.77637
59	112	2.26857
59	121	2.26857
59	260	2.43069
59	325	2.43024
59	349	2.43042
59	352	2.43107
59	425	2.43182
60	42	2.06369
60	79	2.06049
60	135	2.57294
60	187	2.57294
60	210	2.05906
60	320	2.67562
60	365	2.67625
61	197	1.98205
61	199	1.98003
61	202	2.47179
61	234	2.47179
61	262	2.5946
61	269	2.59515
61	357	2.59583
62	3	1.85203
62	20	2.78111
62	28	2.77932
62	99	2.77636
62	168	2.77621
62	174	2.77682
62	231	2.77763
63	10	2.78111
63	41	2.77932
63	170	2.77636
63	182	1.85203
63	193	2.77621
63	196	2.77682
63	226	2.77763
64	632	3.16228
64	744	2.32413
64	907	2.69459
64	912	2.69474
64	916	2.69503
64	984	3.12378
64	996	3.12419
65	15	2.77999
65	17	2.7782
65	26	2.77636
65	88	2.77509
65	93	2.7757
65	195	2.77651
65	249	2.26274
66	24	2.78295
66	89	2.77932
66	94	2.7782
66	127	2.77805
66	171	2.77866
66	180	2.77947
66	778	4.15692
67	49	2.37263
67	98	1.7751
67	252	2.9865
67	301	2.38845
67	373	2.38823
67	389	2.3886
67	409	2.38922
68	343	2.26274
68	376	2.36143
68	523	2.52939
68	546	2.56073
68	690	2.9099
68	708	2.91011
68	760	3.41964
69	162	2.40396
69	314	2.55426
69	339	2.5538
69	400	2.92943
69	448	3.11623
69	499	3.11672
69	559	3.16228
70	791	3.16228
70	910	2.86614
70	913	2.6526
70	919	2.62402
70	929	2.65762
70	954	2.79557
70	978	3.0536
71	127	1.85203
71	264	2.17835
71	563	2.89772
71	572	2.89751
71	578	2.89767
71	587	2.89809
71	613	2.89862
72	22	2.47411
72	129	2.4695
72	214	2.46897
72	329	3.08512
72	410	3.08566
72	414	3.08635
72	1000	5.80948
73	43	3.03048
73	100	3.48325
73	147	3.02764
73	154	3.4822
73	310	3.64457
73	501	2.7
73	795	0.738228
74	105	2.45819
74	153	2.45765
74	237	2.61833
74	285	2.98407
74	419	2.98337
74	508	3.17937
74	560	3.16228
75	30	2.78295
75	90	2.77932
75	133	2.7782
75	148	2.77805
75	192	2.77866
75	219	2.77947
75	592	3.16228
76	3	2.78111
76	32	2.77932
76	158	2.77636
76	203	2.77621
76	222	2.77682
76	224	2.77763
76	873	4.68722
77	254	2.25311
77	531	2.74397
77	542	2.7978
77	553	2.96386
77	564	2.96405
77	626	2.96457
77	940	1.96403
78	347	2.43885
78	490	2.61359
78	510	2.6882
78	567	2.78942
78	610	2.79006
78	659	3.33746
78	796	4.15692
79	42	2.06188
79	60	2.06049
79	135	2.57113
79	187	2.57113
79	210	2.05725
79	320	2.67381
79	365	2.67444
80	178	2.58745
80	318	2.70408
80	507	2.44462
80	532	2.81938
80	583	2.98684
80	677	3.13094
80	908	0.926013
81	678	2.41678
81	738	3.64829
81	810	2.68682
81	812	2.50248
81	875	2.664
81	940	3.17612
81	991	3.2211
82	157	2.31576
82	163	2.77782
82	218	2.77782
82	268	2.93182
82	338	2.93256
82	417	2.93331
82	963	5.80948
83	405	2.26274
83	874	2.57923
83	903	3.02982
83	917	2.76113
83	918	2.76148
83	935	2.76192
83	941	2.76237
84	2	2.78111
84	31	1.85203
84	38	2.77932
84	160	2.77636
84	185	2.77621
84	211	2.77682
84	217	2.77763
85	18	2.77999
85	35	2.7782
85	53	2.77636
85	104	2.77509
85	155	2.7757
85	168	1.85203
85	204	2.77651
86	525	1.83631
86	560	2.14737
86	654	2.21027
86	674	2.30556
86	753	2.77953
86	905	2.68842
86	949	2.68882
87	91	2.47503
87	97	1.98082
87	200	1.9794
87	209	2.47231
87	270	2.59396
87	304	2.59426
87	305	2.59483
88	15	2.77984
88	17	2.77805
88	26	2.77621
88	65	2.77509
88	93	2.77555
88	195	2.77637
88	983	5.80948
89	24	2.78111
89	66	2.77932
89	94	2.77636
89	100	1.85203
89	127	2.77621
89	171	2.77682
89	180	2.77763
90	30	2.78111
90	75	2.77932
90	133	2.77636
90	148	2.77621
90	192	2.77682
90	219	2.77763
90	565	3.16228
91	87	2.47503
91	97	2.47336
91	200	2.47194
91	270	3.0865
91	304	3.08681
91	305	3.08738
91	920	1.6092
92	178	2.59218
92	326	2.67328
92	450	2.84013
92	507	2.44935
92	583	2.99157
92	677	3.13567
92	926	1.72103
93	15	2.78046
93	17	2.77866
93	26	2.77682
93	65	2.7757
93	88	2.77555
93	195	2.77698
93	520	2.7
94	24	2.77999
94	66	2.7782
94	89	2.77636
94	127	2.77509
94	171	2.7757
94	180	2.77651
94	756	4.15692
95	482	1.69477
95	493	1.94033
95	686	2.06658
95	802	2.31328
95	855	2.82213
95	895	2.92188
95	908	2.92241
96	58	1.85203
96	274	2.0305
96	455	2.32279
96	565	2.39562
96	893	3.39043
96	915	3.05507
96	972	3.48376
97	87	1.98082
97	91	2.47336
97	200	1.97773
97	209	2.47064
97	270	2.59229
97	304	2.59259
97	305	2.59316
98	49	2.37116
98	67	1.7751
98	252	2.98503
98	301	2.38699
98	373	2.38677
98	389	2.38714
98	409	2.38776
99	20	2.77999
99	28	2.7782
99	62	2.77636
99	168	2.77509
99	174	2.7757
99	231	2.77651
99	653	3.16228
100	11	2.87974
100	43	2.2736
100	73	3.48325
100	89	1.85203
100	125	2.87639
100	147	2.27076
100	310	2.88769
101	278	1.98371
101	356	1.98254
101	443	2.54384
101	444	2.54342
101	462	2.54348
101	501	2.54394
101	540	2.54455
102	665	2.13908
102	669	2.15788
102	734	2.30367
102	735	2.13814
102	775	2.34625
102	794	2.76155
102	840	2.82438
103	691	2.29853
103	758	2.48593
103	777	4.15692
103	898	2.89536
103	913	2.94898
103	929	2.954
103	954	3.09195
104	18	2.77984
104	35	2.77805
104	53	2.77621
104	85	2.77509
104	155	2.77555
104	204	2.77637
104	344	2.26274
105	74	2.45819
105	107	2.023
105	153	2.04009
105	237	2.20076
105	353	2.63561
105	419	2.5658
105	508	2.7618
106	683	2.05648
106	755	2.30958
106	759	2.30949
106	828	2.49732
106	849	2.49761
106	869	2.498
106	890	2.49842
107	105	2.023
107	153	2.02246
107	237	2.18313
107	285	2.54888
107	353	2.61798
107	419	2.54817
107	508	2.74417
108	835	2.06986
108	846	2.3598
108	931	2.29174
108	948	2.2916
108	960	2.47932
108	962	2.47966
108	974	2.70408
109	114	2.78295
109	118	2.78111
109	139	2.77999
109	140	2.77984
109	181	2.78046
109	213	2.78127
109	375	2.26274
110	111	2.31576
110	184	2.77782
110	186	1.85203
110	221	2.77782
110	296	2.93182
110	319	2.93256
110	327	2.93331
111	29	2.31576
111	110	2.31576
111	184	2.31272
111	221	2.31272
111	296	2.46672
111	319	2.46746
111	327	2.46821
112	59	2.26857
112	260	2.87965
112	325	2.8792
112	349	2.87939
112	352	2.88004
112	425	2.88079
112	799	4.15692
113	1	2.77999
113	23	2.7782
113	54	2.77636
113	144	2.77509
113	159	2.7757
113	172	2.77651
113	916	5.23832
114	109	2.78295
114	118	2.77932
114	139	2.7782
114	140	2.77805
114	181	2.77866
114	213	2.77947
114	932	2.61916
115	189	2.3326
115	223	2.29949
115	302	2.26274
115	423	2.85656
115	449	3.06095
115	515	3.06134
115	522	3.0619
116	13	2.47338
116	37	2.4721
116	141	2.46974
116	257	3.08462
116	355	3.08505
116	363	3.08568
116	673	3.64829
117	4	2.78111
117	48	2.77932
117	137	2.77636
117	138	2.77621
117	182	2.77682
117	186	2.77763
117	881	1.68848
118	109	2.78111
118	114	2.77932
118	139	2.77636
118	140	2.77621
118	181	2.77682
118	213	2.77763
118	623	3.16228
119	591	1.73341
119	651	1.93006
119	781	2.4308
119	894	2.54369
119	927	2.59433
119	963	2.72085
119	998	2.72126
120	238	2.4737
120	273	2.51428
120	276	2.51428
120	297	2.51644
120	307	2.51644
120	315	2.06376
120	340	2.06425
121	59	2.26857
121	260	2.87965
121	325	2.8792
121	349	2.87939
121	352	2.88004
121	425	2.88079
121	913	5.23832
122	433	1.88014
122	640	1.76581
122	868	2.38121
122	889	2.37705
122	914	2.50561
122	922	2.83766
122	985	2.9355
123	247	2.14963
123	255	2.14872
123	316	2.14673
123	364	2.14597
123	395	2.67999
123	432	2.70796
123	472	2.7084
124	346	2.22973
124	361	1.826
124	481	2.37399
124	512	2.36008
124	549	2.31577
124	607	2.5154
124	723	3.06266
125	11	3.02976
125	43	2.42362
125	100	2.87639
125	147	2.42079
125	154	2.87534
125	279	2.26274
125	310	3.03772
126	46	2.37112
126	201	2.36796
126	245	2.9833
126	289	2.98325
126	391	2.98373
126	405	2.9844
126	941	5.23832
127	24	2.77984
127	66	2.77805
127	71	1.85203
127	89	2.77621
127	94	2.77509
127	171	2.77555
127	180	2.77637
128	7	2.78046
128	12	2.77866
128	16	2.77682
128	40	2.7757
128	58	2.77555
128	183	2.77698
128	610	3.16228
129	22	1.97898
129	31	2.4695
129	72	2.4695
129	214	1.97385
129	329	2.58999
129	410	2.59053
129	414	2.59122
130	192	1.85203
130	495	2.33048
130	589	2.2281
130	619	2.51311
130	824	3.05203
130	876	3.05233
130	897	3.50362
131	19	1.98082
131	45	2.47336
131	175	1.97773
131	232	2.47064
131	267	2.59229
131	422	2.59259
131	428	2.59316
132	57	2.24014
132	312	2.26274
132	341	2.69005
132	398	2.7898
132	514	2.9399
132	538	2.93817
132	601	3.08611
133	30	2.77999
133	75	2.7782
133	90	2.77636
133	148	2.77509
133	192	2.7757
133	219	2.77651
133	619	3.16228
134	838	2.40056
134	852	2.40033
134	854	2.40022
134	860	2.26224
134	863	2.40039
134	873	2.4007
134	892	2.40135
135	42	2.57433
135	60	2.57294
135	79	2.57113
135	210	2.5697
135	320	3.18626
135	365	3.18689
135	660	3.64829
136	557	2.56516
136	657	3.64829
136	684	2.74537
136	692	3.11962
136	713	2.74556
136	722	2.74604
136	726	2.74658
137	4	2.77999
137	48	2.7782
137	117	2.77636
137	138	2.77509
137	182	2.7757
137	186	2.77651
137	675	0.130996
138	4	2.77984
138	48	2.77805
138	117	2.77621
138	137	2.77509
138	182	2.77555
138	186	2.77637
138	231	1.85203
139	109	2.77999
139	114	2.7782
139	118	2.77636
139	140	2.77509
139	181	2.7757
139	213	2.77651
139	298	2.26274
140	109	2.77984
140	114	2.77805
140	118	2.77621
140	139	2.77509
140	181	2.77555
140	213	2.77637
140	512	2.7
141	13	1.97939
141	37	1.97811
141	116	2.46974
141	248	2.46839
141	257	2.59063
141	355	2.59106
141	363	2.59169
142	318	2.62614
142	326	2.59061
142	450	2.75746
142	532	2.74143
142	583	2.9089
142	677	3.053
142	877	4.68722
143	562	2.37297
143	654	2.53191
143	674	2.6272
143	753	3.10117
143	905	3.01006
143	937	2.19517
143	949	3.01046
144	1	2.77984
144	23	2.77805
144	54	2.77621
144	113	2.77509
144	159	2.77555
144	172	2.77637
144	659	1.61879
145	190	1.7417
145	246	2.02832
145	360	2.43894
145	441	2.49
145	547	2.58919
145	594	2.69909
145	647	2.69962
146	278	1.98371
146	356	1.98254
146	443	2.54384
146	444	2.54342
146	462	2.54348
146	501	2.54394
146	540	2.54455
147	11	2.42413
147	43	1.81799
147	73	3.02764
147	100	2.27076
147	125	2.42079
147	154	2.26971
147	310	2.43208
148	30	2.77984
148	75	2.77805
148	90	2.77621
148	133	2.77509
148	192	2.77555
148	219	2.77637
148	896	5.23832
149	50	1.69255
149	385	2.43733
149	418	1.90466
149	518	2.57337
149	554	2.68344
149	566	2.68404
149	634	2.68464
150	295	1.13137
150	385	2.71943
150	418	2.18675
150	518	2.85546
150	554	2.96553
150	566	2.96613
150	634	2.96674
151	286	2.38711
151	302	2.38557
151	336	2.3842
151	367	2.3834
151	382	2.38327
151	383	2.38369
151	421	2.38432
152	442	2.1483
152	579	2.24743
152	641	2.67353
152	680	2.3123
152	699	2.42761
152	749	2.36976
152	814	2.5015
153	74	2.45765
153	105	2.04009
153	107	2.02246
153	237	2.20022
153	285	2.56596
153	353	2.63507
153	508	2.76126
154	11	2.87868
154	43	2.27254
154	73	3.4822
154	125	2.87534
154	147	2.26971
154	310	2.88664
154	426	2.26274
155	18	2.78046
155	35	2.77866
155	53	2.77682
155	85	2.7757
155	104	2.77555
155	204	2.77698
155	894	5.23832
156	287	1.89397
156	439	2.02877
156	451	1.98987
156	654	2.42883
156	674	2.52412
156	905	2.90697
156	949	2.90737
157	14	2.31576
157	82	2.31576
157	163	2.31272
157	218	2.31272
157	268	2.46672
157	338	2.46746
157	417	2.46821
158	3	2.77999
158	32	2.7782
158	76	2.77636
158	203	2.77509
158	222	2.7757
158	224	2.77651
158	248	1.85203
159	1	2.78046
159	23	2.77866
159	54	2.77682
159	113	2.7757
159	144	2.77555
159	172	2.77698
159	574	3.16228
160	2	2.77999
160	38	2.7782
160	48	1.85203
160	84	2.77636
160	185	2.77509
160	211	2.7757
160	217	2.77651
161	463	2.25411
161	502	2.18405
161	611	2.5072
161	851	4.68722
161	861	2.97957
161	956	3.2274
161	997	3.5289
162	5	2.06743
162	69	2.40396
162	227	2.06552
162	314	2.25493
162	339	2.25446
162	448	2.81689
162	499	2.81739
163	14	2.77782
163	82	2.77782
163	157	2.31272
163	268	2.92879
163	273	2.26274
163	338	2.92953
163	417	2.93028
164	299	1.85892
164	589	2.24567
164	716	1.65264
164	786	2.89737
164	824	3.0696
164	876	3.0699
164	897	3.52119
165	204	1.85203
165	571	2.64776
165	577	2.62005
165	590	2.54179
165	687	2.77972
165	701	2.78029
165	819	3.28951
166	311	2.67677
166	351	2.70923
166	394	2.70923
166	483	2.85594
166	492	2.85661
166	517	2.85726
166	787	4.15692
167	282	1.89853
167	401	1.93266
167	524	2.42457
167	586	2.60369
167	593	2.60392
167	599	2.60441
167	631	2.60497
168	20	2.77984
168	28	2.77805
168	62	2.77621
168	85	1.85203
168	99	2.77509
168	174	2.77555
168	231	2.77637
169	56	2.17898
169	317	2.70467
169	436	2.94667
169	488	2.94679
169	500	2.94729
169	527	2.94794
169	920	1.6092
170	10	2.77999
170	41	2.7782
170	63	2.77636
170	193	2.77509
170	196	2.7757
170	208	1.85203
170	226	2.77651
171	24	2.78046
171	66	2.77866
171	89	2.77682
171	94	2.7757
171	127	2.77555
171	180	2.77698
171	925	5.23832
172	1	2.78127
172	23	2.77947
172	54	2.77763
172	113	2.77651
172	144	2.77637
172	159	2.77698
172	669	3.64829
173	833	2.13825
173	898	2.64364
173	913	2.69727
173	919	2.66868
173	929	2.70229
173	954	2.84024
173	978	3.09826
174	20	2.78046
174	28	2.77866
174	62	2.77682
174	99	2.7757
174	168	2.77555
174	193	1.85203
174	231	2.77698
175	19	1.9794
175	45	2.47194
175	131	1.97773
175	232	2.46922
175	267	2.59087
175	422	2.59118
175	428	2.59174
176	33	2.27129
176	279	2.30789
176	294	2.30653
176	337	2.30569
176	354	2.30553
176	402	2.88267
176	420	2.30638
177	188	2.20276
177	313	2.31488
177	359	2.31415
177	477	2.45978
177	503	2.4602
177	504	2.46089
177	511	2.4616
178	80	2.58745
178	92	2.59218
178	318	2.79897
178	450	2.93029
178	507	2.53951
178	677	3.22583
178	999	2.48075
179	220	2.46791
179	243	2.63432
179	290	2.63432
179	300	2.26274
179	556	2.98483
179	608	2.98524
179	628	2.98578
180	24	2.78127
180	66	2.77947
180	89	2.77763
180	94	2.77651
180	127	2.77637
180	171	2.77698
180	969	2.00661
181	109	2.78046
181	114	2.77866
181	118	2.77682
181	139	2.7757
181	140	2.77555
181	213	2.77698
181	897	1.5214
182	4	2.78046
182	48	2.77866
182	63	1.85203
182	117	2.77682
182	137	2.7757
182	138	2.77555
182	186	2.77698
183	7	2.78127
183	12	2.77947
183	16	2.77763
183	40	2.77651
183	58	2.77637
183	128	2.77698
183	859	4.68722
184	29	2.77782
184	110	2.77782
184	111	2.31272
184	296	2.92879
184	319	2.92953
184	327	2.93028
184	834	0.650461
185	2	2.77984
185	38	2.77805
185	84	2.77621
185	160	2.77509
185	211	2.77555
185	217	2.77637
185	373	2.26274
186	4	2.78127
186	48	2.77947
186	110	1.85203
186	117	2.77763
186	137	2.77651
186	138	2.77637
186	182	2.77698
187	42	2.57433
187	60	2.57294
187	79	2.57113
187	210	2.5697
187	319	2.26274
187	320	3.18626
187	365	3.18689
188	51	2.20276
188	177	2.20276
188	477	3.06163
188	503	3.06205
188	504	3.06273
188	511	3.06345
188	667	3.64829
189	115	2.3326
189	205	1.95092
189	215	2.33081
189	223	1.94756
189	449	2.70901
189	515	2.70941
189	522	2.70997
190	145	1.7417
190	246	2.02638
190	360	2.43699
190	529	2.48786
190	547	2.58725
190	594	2.69715
190	647	2.69768
191	751	2.23931
191	755	2.27882
191	759	2.27873
191	828	2.46655
191	849	2.46685
191	869	2.46724
191	890	2.46766
192	30	2.78046
192	75	2.77866
192	90	2.77682
192	130	1.85203
192	133	2.7757
192	148	2.77555
192	219	2.77698
193	10	2.77984
193	41	2.77805
193	63	2.77621
193	170	2.77509
193	174	1.85203
193	196	2.77555
193	226	2.77637
194	50	2.09847
194	418	2.31057
194	427	2.26274
194	518	2.97929
194	554	3.08936
194	566	3.08995
194	634	3.09056
195	15	2.78127
195	17	2.77947
195	26	2.77763
195	65	2.77651
195	88	2.77637
195	93	2.77698
195	902	1.96403
196	10	2.78046
196	41	2.77866
196	63	2.77682
196	170	2.7757
196	193	2.77555
196	226	2.77698
196	238	2.26274
197	61	1.98205
197	199	1.97849
197	202	2.47025
197	234	2.47025
197	262	2.59306
197	269	2.5936
197	357	2.59429
198	857	1.95612
198	970	2.36254
198	971	2.36279
198	973	2.64521
198	981	2.59399
198	989	2.36382
198	994	2.36419
199	61	1.98003
199	197	1.97849
199	202	2.46823
199	234	2.46823
199	262	2.59104
199	269	2.59158
199	357	2.59227
200	87	1.9794
200	91	2.47194
200	97	1.97773
200	209	2.46922
200	270	2.59087
200	304	2.59118
200	305	2.59174
201	36	2.36866
201	46	1.89583
201	126	2.36796
201	245	2.50802
201	289	2.50797
201	391	2.50845
201	405	2.50912
202	61	2.47179
202	197	2.47025
202	199	2.46823
202	262	3.0828
202	269	3.08334
202	357	3.08403
202	473	2.7
203	3	2.77984
203	32	2.77805
203	76	2.77621
203	158	2.77509
203	222	2.77555
203	224	2.77637
203	814	4.15692
204	18	2.78127
204	35	2.77947
204	53	2.77763
204	85	2.77651
204	104	2.77637
204	155	2.77698
204	165	1.85203
205	189	1.95092
205	215	2.30106
205	223	1.91782
205	423	2.47488
205	449	2.67927
205	515	2.67966
205	522	2.68022
206	676	2.53579
206	736	2.38725
206	774	2.72326
206	844	2.893
206	879	3.23655
206	888	2.89364
206	922	1.70399
207	7	1.85203
207	651	2.23666
207	781	2.7374
207	842	2.73062
207	927	2.90093
207	963	3.02746
207	998	3.02787
208	170	1.85203
208	669	2.51967
208	734	2.66546
208	738	2.45977
208	775	2.70804
208	794	3.12333
208	840	3.18617
209	87	2.47231
209	97	2.47064
209	200	2.46922
209	270	3.08378
209	304	3.08408
209	305	3.08465
209	817	4.15692
210	42	2.06045
210	60	2.05906
210	79	2.05725
210	135	2.5697
210	187	2.5697
210	320	2.67238
210	365	2.67301
211	2	2.78046
211	38	2.77866
211	84	2.77682
211	160	2.7757
211	185	2.77555
211	217	2.77698
211	723	1.82414
212	460	2.04599
212	618	2.04156
212	717	2.21806
212	772	2.78672
212	777	2.44202
212	843	2.57868
212	882	2.57912
213	109	2.78127
213	114	2.77947
213	118	2.77763
213	139	2.77651
213	140	2.77637
213	181	2.77698
213	568	3.16228
214	22	1.97846
214	31	2.46897
214	72	2.46897
214	129	1.97385
214	329	2.58947
214	410	2.59001
214	414	2.5907
215	189	2.33081
215	205	2.30106
215	250	2.26274
215	423	2.85477
215	449	3.05915
215	515	3.05955
215	522	3.06011
216	246	1.92067
216	360	2.33128
216	441	2.38234
216	529	2.38215
216	547	2.48154
216	594	2.59144
216	647	2.59197
217	2	2.78127
217	38	2.77947
217	84	2.77763
217	160	2.77651
217	185	2.77637
217	211	2.77698
217	749	3.64829
218	14	2.77782
218	82	2.77782
218	157	2.31272
218	268	2.92879
218	338	2.92953
218	417	2.93028
218	954	5.80948
219	30	2.78127
219	75	2.77947
219	90	2.77763
219	133	2.77651
219	148	2.77637
219	192	2.77698
219	818	4.15692
220	179	2.46791
220	429	2.73866
220	445	2.73839
220	556	2.90647
220	608	2.90688
220	628	2.90742
220	760	1.8731
221	29	2.77782
221	110	2.77782
221	111	2.31272
221	296	2.92879
221	319	2.92953
221	327	2.93028
221	980	5.80948
222	3	2.78046
222	32	2.77866
222	76	2.77682
222	158	2.7757
222	203	2.77555
222	224	2.77698
222	758	4.15692
223	115	2.29949
223	189	1.94756
223	205	1.91782
223	423	2.47152
223	449	2.67591
223	515	2.6763
223	522	2.67686
224	3	2.78127
224	32	2.77947
224	76	2.77763
224	158	2.77651
224	203	2.77637
224	222	2.77698
224	608	3.16228
225	333	2.67514
225	351	2.70922
225	394	2.70922
225	483	2.85593
225	492	2.8566
225	517	2.85725
225	717	3.64829
226	10	2.78127
226	41	2.77947
226	63	2.77763
226	170	2.77651
226	193	2.77637
226	196	2.77698
226	952	3.15106
227	5	2.02833
227	162	2.06552
227	314	2.21582
227	339	2.21535
227	400	2.59099
227	448	2.77779
227	499	2.77828
228	291	2.7837
228	298	2.78233
228	334	2.78093
228	370	2.77952
228	406	2.77978
228	411	2.78031
228	917	5.23832
229	244	1.93351
229	537	2.15327
229	571	2.34236
229	577	2.31465
229	687	2.47432
229	701	2.47489
229	819	2.98411
230	443	2.7
230	817	2.33588
230	846	2.7711
230	938	2.66858
230	960	2.89063
230	962	2.89096
230	974	3.11538
231	20	2.78127
231	28	2.77947
231	62	2.77763
231	99	2.77651
231	138	1.85203
231	168	2.77637
231	174	2.77698
232	19	2.47231
232	131	2.47064
232	175	2.46922
232	267	3.08378
232	422	3.08408
232	428	3.08465
232	822	1.44548
233	442	2.6182
233	497	2.7
233	603	2.59136
233	699	2.89751
233	740	2.7262
233	793	2.87237
233	814	2.9714
234	61	2.47179
234	197	2.47025
234	199	2.46823
234	262	3.0828
234	269	3.08334
234	357	3.08403
234	797	4.15692
235	440	3.14798
235	496	2.7
235	595	3.29349
235	627	3.30928
235	700	3.46199
235	715	3.46247
235	934	5.23832
236	393	2.30804
236	419	2.26274
236	431	2.86992
236	485	2.87003
236	491	2.87051
236	534	2.87119
236	541	2.87182
237	74	2.61833
237	105	2.20076
237	107	2.18313
237	153	2.20022
237	285	2.72664
237	353	2.79574
237	419	2.72593
237	508	2.92194
238	120	2.4737
238	196	2.26274
238	273	3.12824
238	276	3.12824
238	297	3.1304
238	307	3.1304
238	315	2.67772
238	340	2.67821
239	57	2.29421
239	341	2.74412
239	398	2.84388
239	487	3.3916
239	509	2.98656
239	538	2.99224
239	562	3.16228
239	601	3.14019
240	254	1.88447
240	275	2.26795
240	531	2.37532
240	542	2.42916
240	553	2.59522
240	564	2.59541
240	626	2.59593
240	729	3.64487
241	543	2.36943
241	561	3.16228
241	595	2.8336
241	605	2.88788
241	627	2.84939
241	675	3.43444
241	700	3.0021
241	715	3.00257
242	6	1.97859
242	446	2.28217
242	526	2.42416
242	558	2.47451
242	612	2.44831
242	778	2.7942
242	779	3.1813
242	780	2.79496
243	179	2.63432
243	374	2.70631
243	429	2.90507
243	445	2.9048
243	556	3.07289
243	608	3.0733
243	628	3.07383
243	691	3.64829
244	229	1.93351
244	537	2.78011
244	571	2.9692
244	590	2.86323
244	687	3.10116
244	701	3.10173
244	819	3.61095
244	895	1.13137
245	36	2.98401
245	46	2.51118
245	126	2.9833
245	201	2.50802
245	289	3.12332
245	391	3.1238
245	405	3.12447
245	862	4.68722
246	145	2.02832
246	190	2.02638
246	216	1.92067
246	441	2.77468
246	529	2.77449
246	547	2.87387
246	594	2.98377
246	647	2.9843
247	123	2.14963
247	255	2.23049
247	295	3.21059
247	316	2.2285
247	364	2.22774
247	395	2.76176
247	432	2.78973
247	472	2.79017
248	13	2.47203
248	37	2.47075
248	141	2.46839
248	158	1.85203
248	257	3.08327
248	355	3.0837
248	363	3.08433
249	65	2.26274
249	435	2.30671
249	479	2.64673
249	584	3.17811
249	620	2.82432
249	704	2.96902
249	711	2.96937
249	783	3.47847
250	215	2.26274
250	434	2.56003
250	546	2.56295
250	561	2.72921
250	690	2.91212
250	708	2.91234
250	710	3.27653
250	760	3.42187
251	30	2.26274
251	767	2.65814
251	842	2.67394
251	894	2.79362
251	920	3.44341
251	927	2.84425
251	963	2.97078
251	998	2.97119
252	67	2.9865
252	98	2.98503
252	301	3.59838
252	373	3.59816
252	389	3.59853
252	409	3.59915
252	646	3.16228
252	981	1.25168
253	707	2.14001
253	730	2.07597
253	871	2.60612
253	921	2.51785
253	945	2.51757
253	964	2.62409
253	979	2.90944
253	993	2.98458
254	77	2.25311
254	240	1.88447
254	275	2.28558
254	542	2.44679
254	553	2.61285
254	564	2.61304
254	626	2.61356
254	729	3.6625
255	123	2.14872
255	247	2.23049
255	295	3.20968
255	316	2.22759
255	364	2.22683
255	395	2.76085
255	432	2.78882
255	472	2.78926
256	532	2.7
256	911	2.63353
256	970	2.86518
256	971	2.86543
256	973	3.14785
256	981	3.09663
256	989	2.86646
256	994	2.86683
257	13	2.59428
257	37	2.593
257	116	3.08462
257	141	2.59063
257	248	3.08327
257	355	3.20595
257	363	3.20658
257	472	2.7
258	271	2.99546
258	342	2.56047
258	392	2.97141
258	412	2.96829
258	453	3.05053
258	466	2.72376
258	498	3.11325
258	772	2.81306
259	56	2.3108
259	317	2.83649
259	358	2.91416
259	436	3.07849
259	488	3.07861
259	500	3.07911
259	527	3.07976
259	831	1.89384
260	59	2.43069
260	112	2.87965
260	121	2.87965
260	325	3.04132
260	349	3.04151
260	352	3.04215
260	425	3.0429
260	990	5.80948
261	265	2.14575
261	438	2.37406
261	614	2.91703
261	627	3.16228
261	664	3.10818
261	672	3.10829
261	693	3.10865
261	795	3.61778
262	61	2.5946
262	197	2.59306
262	199	2.59104
262	202	3.0828
262	234	3.0828
262	269	3.20616
262	357	3.20684
262	991	2.18751
263	437	2.44495
263	458	2.53498
263	658	2.86582
263	659	2.0295
263	787	3.01367
263	788	3.01388
263	805	3.01427
263	830	3.49202
264	71	2.17835
264	284	1.99189
264	457	2.55109
264	563	2.73082
264	572	2.73061
264	578	2.73076
264	587	2.73119
264	613	2.73172
265	261	2.14575
265	447	2.26787
265	559	2.4774
265	614	2.44345
265	664	2.6346
265	672	2.63471
265	693	2.63508
265	795	3.1442
266	544	2.48557
266	611	2.55106
266	647	3.16228
266	747	2.6355
266	768	2.8357
266	861	3.02342
266	956	3.27125
266	997	3.57276
267	19	2.59396
267	45	3.0865
267	131	2.59229
267	175	2.59087
267	232	3.08378
267	351	2.26274
267	422	3.20574
267	428	3.2063
268	14	2.93182
268	82	2.93182
268	157	2.46672
268	163	2.92879
268	218	2.92879
268	338	3.08352
268	417	3.08427
268	856	1.89384
269	61	2.59515
269	197	2.5936
269	199	2.59158
269	202	3.08334
269	234	3.08334
269	262	3.20616
269	357	3.20738
269	835	4.68722
270	87	2.59396
270	91	3.0865
270	97	2.59229
270	200	2.59087
270	209	3.08378
270	304	3.20574
270	305	3.2063
270	661	3.64829
271	258	2.99546
271	321	2.97321
271	342	2.56008
271	412	2.9679
271	453	3.05014
271	466	2.72338
271	530	3.11337
271	912	5.23832
272	397	2.41953
272	446	2.63877
272	539	2.65831
272	558	2.83111
272	778	3.15081
272	779	3.5379
272	780	3.15157
272	979	2.68611
273	55	2.92445
273	120	2.51428
273	163	2.26274
273	238	3.12824
273	297	3.17098
273	307	3.17098
273	315	2.7183
273	340	2.71879
274	96	2.0305
274	622	2.5333
274	645	2.66718
274	709	3.64829
274	769	2.85337
274	893	3.51011
274	915	3.17475
274	972	3.60345
275	44	2.26274
275	240	2.26795
275	254	2.28558
275	531	2.77644
275	553	2.99634
275	564	2.99653
275	626	2.99705
275	729	4.04599
276	55	2.92445
276	120	2.51428
276	238	3.12824
276	297	3.17098
276	307	3.17098
276	315	2.7183
276	340	2.71879
276	510	2.7
277	465	2.60805
277	468	2.58761
277	494	3.01235
277	604	3.06705
277	644	3.1172
277	649	2.74573
277	698	3.23196
277	945	5.23832
278	101	1.98371
278	146	1.98371
278	356	2.26669
278	443	2.82799
278	444	2.82756
278	462	2.82763
278	501	2.82809
278	540	2.8287
279	33	2.88591
279	125	2.26274
279	176	2.30789
279	294	2.92116
279	337	2.92032
279	354	2.92016
279	402	3.4973
279	420	2.921
280	361	2.36731
280	386	2.6774
280	481	2.9153
280	512	2.90139
280	549	2.85708
280	607	3.05671
280	723	3.60397
280	781	4.15692
281	348	1.86056
281	493	2.17383
281	653	2.13824
281	679	2.29576
281	802	2.54678
281	855	3.05563
281	895	3.15538
281	908	3.15591
282	167	1.89853
282	283	2.0907
282	401	2.20078
282	524	2.69269
282	586	2.87181
282	593	2.87204
282	599	2.87252
282	631	2.87309
283	282	2.0907
283	288	2.36081
283	401	2.12483
283	524	2.61675
283	586	2.79586
283	593	2.7961
283	599	2.79658
283	631	2.79715
284	264	1.99189
284	377	2.30235
284	457	2.53153
284	563	2.71126
284	572	2.71104
284	578	2.7112
284	587	2.71163
284	613	2.71216
285	74	2.98407
285	107	2.54888
285	153	2.56596
285	237	2.72664
285	353	3.16149
285	419	3.09168
285	508	3.28768
285	956	5.80948
286	151	2.38711
286	288	2.26274
286	302	3.00055
286	336	2.99918
286	367	2.99838
286	382	2.99825
286	383	2.99867
286	421	2.9993
287	52	2.26274
287	156	1.89397
287	525	2.54917
287	560	2.86022
287	562	2.76418
287	753	3.49238
287	905	3.40127
287	949	3.40167
288	283	2.36081
288	286	2.26274
288	401	2.47089
288	524	2.9628
288	586	3.14192
288	593	3.14215
288	599	3.14264
288	631	3.14321
289	36	2.98396
289	46	2.51113
289	126	2.98325
289	201	2.50797
289	245	3.12332
289	391	3.12374
289	405	3.12441
289	455	2.7
290	179	2.63432
290	374	2.70631
290	429	2.90507
290	445	2.9048
290	556	3.07289
290	608	3.0733
290	628	3.07383
290	771	4.15692
291	228	2.7837
291	298	2.96599
291	334	2.96459
291	350	2.7802
291	370	2.96317
291	406	2.96343
291	411	2.96396
291	803	4.15692
292	674	3.64829
292	709	2.41582
292	858	2.72831
292	904	2.90237
292	924	2.90251
292	943	2.9028
292	946	3.18004
292	976	3.33196
293	732	2.64653
293	763	2.75337
293	803	2.75246
293	810	2.90574
293	813	3.05175
293	848	4.68722
293	875	2.88292
293	940	3.39504
294	33	2.88455
294	176	2.30653
294	279	2.92116
294	337	2.91896
294	354	2.9188
294	402	3.49594
294	420	2.91965
294	786	4.15692
295	54	1.13137
295	150	1.13137
295	247	3.21059
295	255	3.20968
295	316	3.20769
295	364	3.20693
295	432	3.76892
295	472	3.76936
296	29	2.93182
296	110	2.93182
296	111	2.46672
296	184	2.92879
296	221	2.92879
296	319	3.08352
296	327	3.08427
296	430	2.7
297	55	2.92661
297	120	2.51644
297	238	3.1304
297	273	3.17098
297	276	3.17098
297	315	2.72047
297	340	2.72096
297	836	4.68722
298	139	2.26274
298	228	2.78233
298	291	2.96599
298	334	2.96321
298	350	2.77882
298	370	2.9618
298	406	2.96206
298	411	2.96259
299	164	1.85892
299	430	2.19973
299	476	2.22567
299	489	2.18682
299	786	2.73521
299	824	2.90745
299	876	2.90775
299	897	3.35904
300	179	2.26274
300	694	2.51663
300	709	2.55827
300	818	2.69512
300	904	3.04482
300	924	3.04496
300	943	3.04525
300	976	3.47442
301	49	2.98451
301	67	2.38845
301	98	2.38699
301	252	3.59838
301	373	3.00012
301	389	3.00049
301	409	3.00111
301	553	3.16228
302	115	2.26274
302	151	2.38557
302	286	3.00055
302	336	2.99763
302	367	2.99683
302	382	2.9967
302	383	2.99712
302	421	2.99775
303	347	2.62601
303	413	2.58064
303	420	2.26274
303	490	2.80075
303	510	2.87536
303	567	2.97658
303	610	2.97722
303	659	3.52462
304	87	2.59426
304	91	3.08681
304	97	2.59259
304	200	2.59118
304	209	3.08408
304	270	3.20574
304	305	3.20661
304	996	3.1101
305	87	2.59483
305	91	3.08738
305	97	2.59316
305	200	2.59174
305	209	3.08465
305	270	3.2063
305	304	3.20661
305	607	3.16228
306	335	2.35932
306	470	2.7
306	506	2.56582
306	521	2.8288
306	555	3.07307
306	652	3.10289
306	666	3.22747
306	739	3.22791
307	55	2.92661
307	120	2.51644
307	238	3.1304
307	273	3.17098
307	276	3.17098
307	315	2.72047
307	340	2.72096
307	826	4.68722
308	348	2.1699
308	441	2.7
308	653	2.44758
308	679	2.6051
308	802	2.85612
308	855	3.36497
308	895	3.46472
308	908	3.46526
309	552	2.11644
309	580	2.55884
309	581	2.02302
309	785	2.90553
309	809	2.38869
309	811	2.83167
309	853	2.5591
309	901	3.01044
310	11	3.04106
310	43	2.43492
310	73	3.64457
310	100	2.88769
310	125	3.03772
310	147	2.43208
310	154	2.88664
310	710	1.13137
311	166	2.67677
311	333	2.84508
311	351	2.87917
311	394	2.87917
311	483	3.02587
311	492	3.02655
311	517	3.0272
311	910	3.0416
312	132	2.26274
312	657	2.76377
312	736	2.57155
312	745	2.76279
312	746	2.69819
312	844	3.0773
312	879	3.42086
312	888	3.07794
313	51	2.31488
313	177	2.31488
313	359	3.02811
313	477	3.17375
313	503	3.17416
313	504	3.17485
313	511	3.17556
313	622	3.16228
314	5	2.21773
314	69	2.55426
314	162	2.25493
314	227	2.21582
314	339	2.40476
314	400	2.7804
314	448	2.96719
314	499	2.96769
315	55	2.47393
315	120	2.06376
315	238	2.67772
315	273	2.7183
315	276	2.7183
315	297	2.72047
315	307	2.72047
315	340	2.26828
316	123	2.14673
316	247	2.2285
316	255	2.22759
316	295	3.20769
316	364	2.22485
316	395	2.75886
316	432	2.78683
316	472	2.78727
317	169	2.70467
317	259	2.83649
317	358	2.83333
317	436	2.99766
317	488	2.99778
317	500	2.99828
317	527	2.99893
317	965	5.80948
318	35	2.26274
318	80	2.70408
318	142	2.62614
318	178	2.79897
318	507	2.65615
318	532	3.0309
318	583	3.19836
318	677	3.34246
319	29	2.93256
319	110	2.93256
319	111	2.46746
319	184	2.92953
319	187	2.26274
319	221	2.92953
319	296	3.08352
319	327	3.08501
320	42	2.67701
320	60	2.67562
320	79	2.67381
320	135	3.18626
320	187	3.18626
320	210	2.67238
320	365	3.28957
320	752	0.590672
321	271	2.97321
321	342	2.53822
321	392	2.94916
321	453	3.02828
321	466	2.70152
321	498	3.091
321	530	3.0915
321	821	2.71342
322	838	2.54797
322	852	2.54774
322	854	2.54763
322	860	2.40965
322	863	2.54779
322	873	2.54811
322	883	2.66194
322	892	2.54876
323	347	3.1052
323	413	3.05983
323	490	3.27995
323	567	3.45577
323	610	3.45641
323	659	4.00382
323	861	4.68722
323	987	1.90629
324	27	0.476245
324	567	3.16228
324	838	3.3936
324	852	3.39337
324	854	3.39326
324	863	3.39342
324	873	3.39374
324	892	3.39439
325	59	2.43024
325	112	2.8792
325	121	2.8792
325	260	3.04132
325	349	3.04106
325	352	3.0417
325	425	3.04245
325	780	4.15692
326	45	2.26274
326	92	2.67328
326	142	2.59061
326	450	3.01139
326	507	2.62062
326	532	2.99537
326	583	3.16283
326	677	3.30693
327	29	2.93331
327	110	2.93331
327	111	2.46821
327	184	2.93028
327	221	2.93028
327	296	3.08427
327	319	3.08501
327	825	2.12498
328	766	2.39384
328	770	4.15692
328	864	2.99341
328	932	3.12565
328	961	3.1823
328	980	2.88992
328	986	2.89028
328	1000	2.89068
329	22	2.5946
329	31	3.08512
329	40	2.26274
329	72	3.08512
329	129	2.58999
329	214	2.58947
329	410	3.20616
329	414	3.20684
330	366	2.29704
330	435	2.06001
330	467	2.37383
330	479	2.40004
330	620	2.57762
330	704	2.72232
330	711	2.72268
330	783	3.23177
331	551	1.99017
331	646	2.05251
331	825	2.77744
331	836	2.44943
331	839	2.44338
331	902	2.88974
331	952	3.04126
331	990	2.74655
332	596	2.71203
332	639	2.71117
332	666	3.64829
332	684	2.91444
332	692	3.28869
332	713	2.91464
332	722	2.91511
332	726	2.91565
333	225	2.67514
333	311	2.84508
333	351	2.87754
333	394	2.87754
333	483	3.02425
333	492	3.02492
333	517	3.02557
333	719	3.64829
334	228	2.78093
334	291	2.96459
334	298	2.96321
334	350	2.77742
334	370	2.9604
334	406	2.96066
334	411	2.96119
334	462	2.7
335	306	2.35932
335	474	2.51192
335	506	2.10387
335	555	2.61112
335	602	2.62192
335	652	2.64094
335	666	2.76552
335	739	2.76596
336	151	2.3842
336	286	2.99918
336	302	2.99763
336	367	2.99546
336	382	2.99534
336	383	2.99575
336	421	2.99639
336	854	4.68722
337	33	2.88371
337	176	2.30569
337	279	2.92032
337	294	2.91896
337	354	2.91796
337	402	3.4951
337	420	2.91881
337	909	5.23832
338	14	2.93256
338	82	2.93256
338	157	2.46746
338	163	2.92953
338	218	2.92953
338	268	3.08352
338	417	3.08501
338	907	5.23832
339	5	2.21726
339	69	2.5538
339	162	2.25446
339	227	2.21535
339	314	2.40476
339	400	2.77993
339	448	2.96672
339	499	2.96722
340	55	2.47442
340	120	2.06425
340	238	2.67821
340	273	2.71879
340	276	2.71879
340	297	2.72096
340	307	2.72096
340	315	2.26828
341	132	2.69005
341	239	2.74412
341	487	3.27948
341	509	2.87444
341	514	2.88185
341	538	2.88012
341	601	3.02807
341	866	0.570242
342	258	2.56047
342	271	2.56008
342	321	2.53822
342	392	2.53603
342	412	2.53291
342	466	2.28838
342	498	2.67787
342	530	2.67837
343	68	2.26274
343	537	2.63638
343	571	2.82548
343	577	2.79777
343	590	2.7195
343	687	2.95744
343	701	2.958
343	819	3.46722
344	104	2.26274
344	474	2.88439
344	506	2.47634
344	521	2.73933
344	602	2.99439
344	652	3.01341
344	666	3.13799
344	739	3.13843
345	550	2.17832
345	609	2.24649
345	662	2.42857
345	697	2.42026
345	776	2.92816
345	792	2.56657
345	808	2.56684
345	881	3.0445
346	124	2.22973
346	361	2.48034
346	386	2.79044
346	512	3.01442
346	549	2.97012
346	607	3.16974
346	707	3.64829
346	723	3.717
347	78	2.43885
347	303	2.62601
347	323	3.1052
347	510	2.8321
347	567	2.93332
347	610	2.93396
347	659	3.48136
347	739	3.64829
348	281	1.86056
348	308	2.1699
348	416	2.26274
348	493	2.67256
348	686	2.79881
348	855	3.55436
348	895	3.65411
348	908	3.65464
349	59	2.43042
349	112	2.87939
349	121	2.87939
349	260	3.04151
349	325	3.04106
349	352	3.04189
349	425	3.04264
349	546	2.7
350	291	2.7802
350	298	2.77882
350	334	2.77742
350	370	2.77601
350	406	2.77627
350	411	2.7768
350	798	4.15692
351	166	2.70923
351	225	2.70922
351	267	2.26274
351	311	2.87917
351	333	2.87754
351	483	3.05833
351	492	3.05901
351	517	3.05966
352	59	2.43107
352	112	2.88004
352	121	2.88004
352	260	3.04215
352	325	3.0417
352	349	3.04189
352	425	3.04329
352	875	4.68722
353	105	2.63561
353	107	2.61798
353	153	2.63507
353	237	2.79574
353	285	3.16149
353	419	3.16079
353	508	3.35679
353	968	5.80948
354	33	2.88356
354	176	2.30553
354	279	2.92016
354	294	2.9188
354	337	2.91796
354	402	3.49494
354	420	2.91865
354	467	2.7
355	13	2.59471
355	37	2.59343
355	116	3.08505
355	141	2.59106
355	248	3.0837
