1	6	2.64842
1	35	2.64663
1	50	2.64644
1	99	2.64747
1	133	2.64857
1	842	2.28958
2	47	2.64842
2	51	2.64663
2	57	2.64644
2	62	2.64747
2	85	2.64857
2	969	3.5258
3	9	2.64842
3	37	2.64663
3	116	2.64644
3	125	2.64747
3	198	2.64857
3	268	1.85203
4	14	2.40939
4	26	3.00968
4	74	2.40716
4	115	3.00766
4	201	2.40691
4	819	5.23832
5	517	1.21354
5	578	1.21741
5	822	2.07036
5	923	2.81565
5	940	2.86288
5	961	3.07041
6	1	2.64842
6	35	2.64391
6	50	2.64372
6	99	2.64475
6	133	2.64585
6	368	2.26274
7	149	1.523
7	326	1.84634
7	390	2.17891
7	542	2.44268
7	615	2.61489
7	616	2.61542
8	561	2.51704
8	565	2.38627
8	595	3.16228
8	656	2.34918
8	660	2.88358
8	772	3.08234
9	3	2.64842
9	37	2.64391
9	116	2.64372
9	125	2.64475
9	198	2.64585
9	208	1.46969
10	15	1.46969
10	19	2.64842
10	48	2.64663
10	59	2.64644
10	105	2.64747
10	189	2.64857
11	311	2.62419
11	315	2.18662
11	431	2.80315
11	459	2.26274
11	465	2.80395
11	469	2.80472
12	299	1.66984
12	491	2.46374
12	493	2.02021
12	531	2.29519
12	568	2.22137
12	643	2.56437
13	138	2.58152
13	140	2.58095
13	280	2.69129
13	297	2.69197
13	321	2.68236
13	393	2.26274
14	4	2.40939
14	26	2.40783
14	74	1.80531
14	91	2.40627
14	115	2.40581
14	201	1.80506
15	10	1.46969
15	652	2.00932
15	740	2.36138
15	776	2.59804
15	826	3.04508
15	850	3.20072
16	172	2.23227
16	202	2.23165
16	278	2.92009
16	283	2.92096
16	332	2.92186
16	920	3.50464
17	483	1.85146
17	550	1.87651
17	609	1.97725
17	662	2.14721
17	668	2.56135
17	763	2.81284
18	762	2.28138
18	765	2.16878
18	802	2.76296
18	912	2.71188
18	962	2.02746
18	982	3.30374
19	10	2.64842
19	48	2.64391
19	59	2.64372
19	105	2.64475
19	189	2.64585
19	416	2.26274
20	32	2.64842
20	33	2.64663
20	38	2.64644
20	100	2.64747
20	174	2.64857
20	469	2.26274
21	152	2.64842
21	157	2.64663
21	160	2.64644
21	162	2.64747
21	207	2.64857
21	852	5.80948
22	378	2.05944
22	505	2.68001
22	521	2.60907
22	618	2.81275
22	730	4.15692
22	748	3.06567
23	796	2.06068
23	809	2.3369
23	847	1.4883
23	865	2.32335
23	989	3.2746
23	993	3.24441
24	45	2.64842
24	64	2.64663
24	90	2.64644
24	92	2.64747
24	110	2.64857
24	660	3.64829
25	31	1.77346
25	371	1.67926
25	533	2.2492
25	584	2.41831
25	664	2.55593
25	671	2.55646
26	4	3.00968
26	14	2.40783
26	74	2.4056
26	91	3.00656
26	201	2.40534
26	273	1.85203
27	382	2.26274
27	900	2.11143
27	958	2.39852
27	971	2.82864
27	974	2.9692
27	992	2.94859
28	71	1.50859
28	375	2.26274
28	606	2.72818
28	621	2.62306
28	657	2.71778
28	814	3.65568
29	300	2.62419
29	306	2.18662
29	399	2.80315
29	432	2.80395
29	451	2.80472
29	932	4.00711
30	336	2.05568
30	438	1.96226
30	606	2.74956
30	634	2.78824
30	814	3.67706
30	919	2.41534
31	25	1.77346
31	94	1.46969
31	371	2.23967
31	584	2.97872
31	664	3.11635
31	671	3.11688
32	20	2.64842
32	33	2.64391
32	38	2.64372
32	89	1.46969
32	100	2.64475
32	174	2.64585
33	20	2.64663
33	32	2.64391
33	38	2.64193
33	100	2.64295
33	174	2.64406
33	600	3.16228
34	126	2.23789
34	132	2.23611
34	224	2.92323
34	242	2.92325
34	333	2.92425
34	707	3.64829
35	1	2.64663
35	6	2.64391
35	50	2.64193
35	99	2.64295
35	133	2.64406
35	964	2.53219
36	299	1.66154
36	491	2.45544
36	493	2.0119
36	531	2.28688
36	560	2.26403
36	643	2.55607
37	3	2.64663
37	9	2.64391
37	116	2.64193
37	125	2.64295
37	198	2.64406
37	779	4.68722
38	20	2.64644
38	32	2.64372
38	33	2.64193
38	100	2.64276
38	174	2.64387
38	451	2.26274
39	606	3.16228
39	875	2.00422
39	922	2.75553
39	929	2.71302
39	943	2.60689
39	1000	3.13687
40	137	1.75141
40	143	1.74939
40	232	2.43627
40	277	2.436
40	335	2.43658
40	351	2.43745
41	750	2.14034
41	812	1.46319
41	860	2.40622
41	904	2.59881
41	951	3.03117
41	956	3.03154
42	121	1.46969
42	487	2.47085
42	637	2.63941
42	641	2.59547
42	681	2.75539
42	710	2.75577
43	231	1.85203
43	757	2.08742
43	827	2.24657
43	887	2.48324
43	978	3.10988
43	985	3.29457
44	138	2.7262
44	140	2.72563
44	195	2.10889
44	280	2.83597
44	297	2.83665
44	532	2.7
45	24	2.64842
45	64	2.64391
45	90	2.64372
45	92	2.64475
45	110	2.64585
45	918	2.68905
46	61	2.27759
46	114	2.27759
46	151	1.70901
46	154	2.28194
46	156	2.28194
46	286	2.40043
47	2	2.64842
47	51	2.64391
47	57	2.64372
47	62	2.64475
47	85	2.64585
47	693	3.64829
48	10	2.64663
48	19	2.64391
48	59	2.64193
48	87	1.46969
48	105	2.64295
48	189	2.64406
49	141	0.127914
49	723	1.56822
49	911	2.50357
49	939	2.88018
49	954	2.93181
49	986	3.20341
50	1	2.64644
50	6	2.64372
50	35	2.64193
50	99	2.64276
50	133	2.64387
50	980	2.10304
51	2	2.64663
51	47	2.64391
51	57	2.64193
51	62	2.64295
51	85	2.64406
51	511	2.7
52	172	2.23227
52	202	2.23165
52	278	2.92009
52	283	2.92096
52	332	2.92186
52	716	3.64829
53	707	1.7618
53	711	1.65137
53	806	2.29005
53	808	2.5473
53	841	2.30687
53	931	2.65759
54	800	1.14483
54	843	1.90174
54	918	2.55697
54	942	2.7941
54	970	2.95797
54	981	3.01328
55	478	2.26274
55	488	1.64784
55	689	2.49514
55	793	3.0256
55	807	3.02606
55	810	3.02658
56	179	1.74283
56	338	1.57719
56	541	2.21761
56	547	2.29764
56	564	2.27384
56	744	3.11223
57	2	2.64644
57	47	2.64372
57	51	2.64193
57	62	2.64276
57	85	2.64387
57	316	1.85203
58	258	1.44665
58	327	1.7503
58	537	2.16056
58	676	2.47929
58	703	2.59754
58	787	2.81677
59	10	2.64644
59	19	2.64372
59	48	2.64193
59	105	2.64276
59	189	2.64387
59	824	5.23832
60	722	1.49815
60	862	2.17467
60	871	2.12242
60	886	2.19755
60	924	2.4251
60	953	2.80197
61	46	2.27759
61	151	2.27412
61	154	2.84705
61	156	2.84705
61	157	1.46969
61	286	2.96554
62	2	2.64747
62	47	2.64475
62	51	2.64295
62	57	2.64276
62	85	2.64489
62	563	2.7
63	420	2.10138
63	472	1.86595
63	549	2.45223
63	758	3.33389
63	840	3.49427
63	1000	2.83842
64	24	2.64663
64	45	2.64391
64	90	2.64193
64	92	2.64295
64	110	2.64406
64	654	3.16228
65	466	2.33761
65	545	2.62296
65	548	2.54445
65	557	0.027229
65	669	2.7638
65	741	2.95246
66	698	1.44181
66	812	2.39461
66	816	1.96594
66	853	2.07594
66	861	2.52266
66	946	2.81268
67	243	1.85203
67	480	2.5239
67	481	2.52357
67	523	2.72524
67	535	2.7258
67	544	2.72643
68	241	1.90713
68	526	2.07042
68	537	2.05411
68	539	2.01262
68	703	2.4911
68	787	2.71033
69	93	1.71255
69	339	1.93768
69	470	1.71402
69	473	2.15273
69	665	2.59467
69	736	3.10383
70	651	1.73608
70	816	2.48384
70	821	2.62236
70	861	3.04056
70	939	2.72166
70	946	3.33059
71	28	1.50859
71	430	1.85976
71	513	2.20028
71	606	2.23295
71	634	2.27162
71	814	3.16044
72	117	2.09811
72	316	2.78286
72	325	2.78287
72	343	2.78361
72	355	2.78446
72	960	2.7307
73	255	1.67344
73	369	2.31019
73	412	1.88944
73	489	2.45197
73	567	2.45264
73	573	2.45338
74	4	2.40716
74	14	1.80531
74	26	2.4056
74	91	2.40404
74	115	2.40358
74	201	1.80283
75	184	2.23227
75	186	2.23165
75	237	2.92009
75	279	2.92096
75	307	2.92186
75	841	5.80948
76	322	2.7522
76	326	2.08399
76	542	2.68033
76	615	2.85254
76	616	2.85307
76	768	4.68722
77	181	1.91961
77	226	2.51196
77	402	2.9509
77	534	2.7
77	574	2.66911
77	579	3.18981
78	577	1.89007
78	605	1.96355
78	654	2.02034
78	713	2.09255
78	791	2.56079
78	844	2.69178
79	614	1.60308
79	812	2.84683
79	853	2.52816
79	861	2.97487
79	946	3.2649
79	951	1.93406
80	225	1.29858
80	484	2.7
80	693	2.47882
80	740	2.64343
80	826	3.32712
80	850	3.48277
81	101	1.66189
81	193	1.51031
81	406	2.0416
81	485	2.26516
81	613	2.78587
81	663	2.98517
82	89	1.83522
82	439	2.28339
82	474	2.48682
82	770	3.0837
82	800	3.55336
82	941	1.36208
83	786	1.50647
83	862	2.06074
83	907	2.30918
83	909	2.34101
83	924	2.31117
83	953	2.68804
84	789	4.68722
84	813	2.23652
84	877	2.35961
84	927	3.01891
84	937	2.79953
84	952	2.79186
85	2	2.64857
85	47	2.64585
85	51	2.64406
85	57	2.64387
85	62	2.64489
85	890	3.29475
86	362	1.86634
86	497	2.12895
86	529	1.93755
86	623	2.26814
86	702	2.37874
86	780	2.64388
87	48	1.46969
87	870	2.00464
87	895	2.41141
87	910	2.45554
87	987	3.18273
87	997	3.18302
88	318	1.83003
88	546	1.55726
88	677	2.29736
88	699	2.3896
88	745	2.5234
88	789	2.63608
89	32	1.46969
89	82	1.83522
89	474	2.3913
89	633	2.55998
89	770	2.98817
89	800	3.45783
90	24	2.64644
90	45	2.64372
90	64	2.64193
90	92	2.64276
90	110	2.64387
90	832	1.14561
91	14	2.40627
91	26	3.00656
91	74	2.40404
91	115	3.00454
91	201	2.40379
91	261	1.85203
92	24	2.64747
92	45	2.64475
92	64	2.64295
92	90	2.64276
92	110	2.64489
92	115	1.46969
93	69	1.71255
93	353	2.39342
93	435	2.26274
93	470	2.28079
93	665	3.16143
93	736	3.67059
94	31	1.46969
94	889	2.48351
94	891	2.48388
94	894	2.48425
94	919	2.87625
94	928	2.87648
95	774	4.68722
95	900	2.11143
95	958	2.39852
95	971	2.82864
95	974	2.9692
95	992	2.94859
96	811	2.13679
96	838	1.93991
96	842	2.23006
96	857	2.17425
96	914	2.17553
96	920	2.56467
97	368	2.00426
97	387	1.92021
97	423	1.48513
97	699	2.48645
97	745	2.62025
97	789	2.73293
98	561	2.7
98	599	2.10928
98	808	2.83169
98	841	2.59126
98	902	2.73985
98	931	2.94198
99	1	2.64747
99	6	2.64475
99	35	2.64295
99	50	2.64276
99	133	2.64489
99	928	1.94209
100	20	2.64747
100	32	2.64475
100	33	2.64295
100	38	2.64276
100	174	2.64489
100	805	1.52986
101	81	1.66189
101	295	1.91614
101	406	1.84041
101	507	2.42588
101	588	2.60947
101	663	2.78398
102	922	2.10245
102	929	2.05993
102	943	1.95381
102	964	2.30714
102	972	2.30724
102	1000	2.48379
103	755	2.39052
103	768	2.3812
103	797	5.23832
103	845	2.67399
103	899	2.60396
103	948	3.16671
104	496	2.24755
104	558	2.61891
104	656	2.36962
104	660	2.90402
104	772	3.10277
104	895	0.854471
105	10	2.64747
105	19	2.64475
105	48	2.64295
105	59	2.64276
105	189	2.64489
105	489	2.7
106	248	2.62591
106	315	2.18707
106	431	2.8036
106	465	2.80441
106	469	2.80518
106	869	5.80948
107	599	2.32161
107	679	2.01469
107	802	2.42799
107	806	2.78678
107	902	2.95219
107	931	3.15431
108	701	1.72548
108	733	1.71441
108	839	2.04528
108	874	2.41028
108	912	2.37212
108	982	2.96398
109	275	1.96468
109	629	2.38537
109	713	2.60498
109	791	3.07322
109	844	3.20421
109	946	3.81838
110	24	2.64857
110	45	2.64585
110	64	2.64406
110	90	2.64387
110	92	2.64489
110	701	3.64829
111	445	2.38741
111	509	2.55512
111	518	2.1741
111	543	2.57029
111	690	3.64829
111	775	3.55081
112	246	1.88057
112	362	2.58691
112	443	2.4147
112	623	2.98871
112	759	4.68722
112	780	3.36445
113	678	3.64829
113	779	2.19521
113	790	2.27374
113	876	2.78334
113	883	2.69933
113	959	3.26325
114	46	2.27759
114	151	2.27412
114	154	2.84705
114	156	2.84705
114	286	2.96554
114	948	3.18342
115	4	3.00766
115	14	2.40581
115	74	2.40358
115	91	3.00454
115	92	1.46969
115	201	2.40332
116	3	2.64644
116	9	2.64372
116	37	2.64193
116	125	2.64276
116	198	2.64387
116	479	2.26274
117	72	2.09811
117	260	2.78477
117	316	2.08781
117	325	2.08783
117	343	2.08857
117	355	2.08941
118	287	2.11188
118	302	1.99341
118	402	2.26417
118	553	2.36298
118	574	1.98238
118	579	2.50308
119	754	2.15244
119	918	2.34413
119	942	2.58126
119	955	2.53326
119	975	2.78667
119	996	2.96878
120	159	1.65919
120	344	1.85797
120	407	2.02925
120	441	2.38497
120	454	2.01143
120	687	3.28694
121	42	1.46969
121	864	1.82441
121	980	2.76944
121	991	2.89714
121	994	2.86641
121	999	2.85306
122	863	1.385
122	934	1.90153
122	975	2.43423
122	977	2.42868
122	981	2.448
122	996	2.61634
123	466	1.87517
123	545	2.16052
123	548	2.08201
123	669	2.30135
123	706	2.30896
123	741	2.49001
124	312	1.79617
124	329	1.79504
124	377	2.41058
124	388	2.41072
124	408	2.41137
124	477	2.41216
125	3	2.64747
125	9	2.64475
125	37	2.64295
125	116	2.64276
125	198	2.64489
125	408	2.26274
126	34	2.23789
126	132	1.50252
126	224	2.18964
126	242	2.18966
126	333	2.19066
126	361	2.92259
127	347	1.85203
127	496	2.24755
127	558	2.61891
127	656	2.36962
127	660	2.90402
127	772	3.10277
128	142	2.23725
128	197	1.79009
128	290	1.99125
128	356	1.99176
128	385	2.60864
128	446	2.6094
129	572	2.7
129	865	2.07891
129	884	2.28033
129	968	2.82952
129	989	3.03016
129	993	2.99997
130	209	1.14292
130	562	2.39764
130	728	2.86627
130	778	3.37609
130	832	3.42588
130	956	2.97208
131	209	1.21012
131	381	2.14273
131	728	2.93347
131	778	3.44329
131	815	2.42799
131	832	3.49308
132	34	2.23611
132	126	1.50252
132	224	2.18786
132	242	2.18787
132	333	2.18887
132	361	2.92081
133	1	2.64857
133	6	2.64585
133	35	2.64406
133	50	2.64387
133	99	2.64489
133	361	0.90151
134	196	1.5834
134	281	2.2042
134	301	1.76313
134	376	2.46836
134	500	2.60795
134	530	2.60858
135	197	2.23579
135	290	2.43695
135	339	1.85203
135	356	2.43746
135	385	3.05435
135	446	3.0551
136	244	1.85932
136	384	2.05174
136	392	2.05102
136	450	2.0506
136	566	2.61322
136	570	2.61379
137	40	1.75141
137	143	1.74758
137	232	2.43446
137	277	2.43418
137	335	2.43477
137	351	2.43563
138	13	2.58152
138	44	2.7262
138	195	2.15855
138	280	2.88564
138	321	2.87671
138	769	2.15244
139	651	1.95319
139	729	2.17918
139	816	2.70095
139	821	2.83947
139	927	1.45423
139	946	3.5477
140	13	2.58095
140	44	2.72563
140	195	2.15798
140	297	2.88575
140	321	2.87614
140	976	4.14095
141	49	0.127914
141	261	0.469926
141	935	2.8822
141	954	3.09435
141	969	3.27072
141	986	3.36595
142	128	2.23725
142	290	2.43533
142	356	2.43584
142	385	3.05272
142	446	3.05348
142	856	1.62883
143	40	1.74939
143	137	1.74758
143	232	2.43244
143	277	2.43217
143	335	2.43276
143	351	2.43362
144	581	1.57125
144	635	1.3376
144	779	2.04076
144	876	2.62889
144	883	2.54489
144	959	3.1088
145	661	1.04483
145	768	2.05248
145	845	2.34527
145	899	2.27524
145	932	2.66098
145	948	2.83799
146	253	1.85203
146	357	1.44639
146	447	1.86488
146	728	2.94647
146	778	3.45629
146	832	3.50608
147	647	3.16228
147	755	2.29383
147	794	2.45821
147	899	2.50727
147	932	2.89301
147	948	3.07002
148	896	2.43503
148	900	2.10183
148	929	2.16103
148	971	2.81904
148	974	2.9596
148	992	2.93899
149	7	1.523
149	320	2.09542
149	326	1.86789
149	542	2.46424
149	615	2.63644
149	616	2.63697
150	598	0.324537
150	896	2.30958
150	958	2.26347
150	971	2.69359
150	974	2.83415
150	992	2.81354
151	46	1.70901
151	61	2.27412
151	114	2.27412
151	154	2.27847
151	156	2.27847
151	286	2.39696
152	21	2.64842
152	157	2.64391
152	160	2.64372
152	162	2.64475
152	207	2.64585
152	721	3.64829
153	724	1.51741
153	889	2.18058
153	891	2.18095
153	894	2.18132
153	919	2.57333
153	928	2.57356
154	46	2.28194
154	61	2.84705
154	114	2.84705
154	151	2.27847
154	286	2.96989
154	444	2.26274
155	184	2.23227
155	186	2.23165
155	237	2.92009
155	279	2.92096
155	307	2.92186
155	920	3.50464
156	46	2.28194
156	61	2.84705
156	114	2.84705
156	151	2.27847
156	286	2.96989
156	821	0.944492
157	21	2.64663
157	61	1.46969
157	152	2.64391
157	160	2.64193
157	162	2.64295
157	207	2.64406
158	267	2.12461
158	418	2.3454
158	508	2.43393
158	591	3.01158
158	678	3.32671
158	850	1.81544
159	120	1.65919
159	257	1.89819
159	346	1.91657
159	407	2.17438
159	454	2.15656
159	687	3.43206
160	21	2.64644
160	152	2.64372
160	157	2.64193
160	162	2.64276
160	207	2.64387
160	915	7.00928
161	398	1.77882
161	411	2.26274
161	550	2.43251
161	609	2.53325
161	668	3.11734
161	763	3.36883
162	21	2.64747
162	152	2.64475
162	157	2.64295
162	160	2.64276
162	207	2.64489
162	940	4.07404
163	779	1.71287
163	790	1.7914
163	873	2.40604
163	876	2.301
163	883	2.21699
163	959	2.78091
164	459	1.9621
164	487	2.07877
164	637	2.24733
164	641	2.20339
164	681	2.36331
164	710	2.36369
165	305	2.03486
165	349	1.54098
165	479	2.1569
165	585	2.5001
165	587	2.50057
165	647	2.50116
166	231	2.09198
166	339	2.27278
166	460	2.26274
166	473	2.48783
166	665	2.92976
166	736	3.43893
167	804	1.59141
167	820	1.57325
167	897	2.14467
167	944	2.5303
167	995	2.69718
167	998	2.69753
168	215	1.85203
168	353	2.1909
168	470	2.07826
168	473	2.51697
168	665	2.95891
168	736	3.46807
169	344	2.2412
169	346	2.15468
169	441	2.7682
169	454	2.39466
169	687	3.67017
169	853	5.80948
170	357	1.3233
170	562	2.35475
170	728	2.82338
170	777	0.189449
170	778	3.3332
170	832	3.38299
171	494	1.95364
171	522	1.93617
171	543	1.8889
171	557	2.36579
171	682	2.22464
171	775	2.86941
172	16	2.23227
172	52	2.23227
172	202	1.67194
172	278	2.36039
172	283	2.36126
172	332	2.36216
173	379	2.52792
173	452	2.52622
173	523	2.72689
173	535	2.72745
173	544	2.72808
173	684	3.64829
174	20	2.64857
174	32	2.64585
174	33	2.64406
174	38	2.64387
174	100	2.64489
174	682	3.64829
175	490	2.14622
175	531	2.7
175	610	2.22003
175	740	2.5956
175	776	2.83226
175	850	3.43494
176	216	2.65163
176	234	2.64983
176	235	2.64863
176	236	2.64839
176	276	2.64941
176	638	3.16228
177	659	1.58317
177	705	1.7475
177	730	1.90235
177	798	2.55874
177	855	2.72171
177	866	2.72216
178	659	3.16228
178	864	1.96509
178	868	2.20634
178	991	3.03782
178	994	3.00708
178	999	2.99373
179	56	1.74283
179	372	2.53474
179	564	2.6661
179	649	2.77442
179	691	0.977852
179	744	3.50449
180	406	2.10923
180	485	2.33278
180	588	2.87829
180	613	2.8535
180	663	3.05279
180	872	2.64846
181	77	1.91961
181	287	2.12664
181	402	2.27893
181	553	2.37774
181	574	1.99714
181	579	2.51784
182	183	1.09091
182	354	1.43997
182	468	2.26465
182	617	2.31979
182	760	3.25892
182	766	2.86258
183	182	1.09091
183	389	1.92347
183	449	2.0201
183	468	2.19719
183	760	3.19146
183	766	2.79512
184	75	2.23227
184	155	2.23227
184	186	1.67194
184	237	2.36039
184	279	2.36126
184	307	2.36216
185	239	2.62591
185	306	2.18707
185	399	2.8036
185	432	2.80441
185	451	2.80518
185	670	3.64829
186	75	2.23165
186	155	2.23165
186	184	1.67194
186	237	2.35976
186	279	2.36063
186	307	2.36153
187	527	2.13596
187	633	2.38839
187	639	3.16228
187	726	2.60266
187	770	2.81658
187	800	3.28624
188	438	1.86054
188	513	2.61518
188	621	2.54273
188	657	2.63745
188	814	3.57534
188	934	7.00928
189	10	2.64857
189	19	2.64585
189	48	2.64406
189	59	2.64387
189	105	2.64489
189	610	3.16228
190	227	1.85203
190	495	2.01762
190	704	2.30125
190	746	2.38802
190	930	3.26906
190	933	3.26939
191	509	2.44117
191	518	2.06015
191	522	2.50361
191	682	2.79209
191	775	3.43686
191	888	2.425
192	345	1.5401
192	594	2.04983
192	769	2.94545
192	855	3.35218
192	866	3.35263
192	983	2.58782
193	81	1.51031
193	485	1.91239
193	507	2.2743
193	588	2.45789
193	613	2.4331
193	663	2.6324
194	375	2.34466
194	396	2.4256
194	576	3.16228
194	585	2.82165
194	587	2.82211
194	647	2.82271
195	44	2.10889
195	138	2.15855
195	140	2.15798
195	280	2.26832
195	297	2.269
195	321	2.25939
196	134	1.5834
196	204	2.07665
196	208	2.02183
196	376	2.4263
196	500	2.56589
196	530	2.56651
197	128	1.79009
197	135	2.23579
197	290	1.98817
197	356	1.98868
197	385	2.60557
197	446	2.60632
198	3	2.64857
198	9	2.64585
198	37	2.64406
198	116	2.64387
198	125	2.64489
198	976	4.14095
199	796	2.10977
199	835	2.03483
199	873	1.92822
199	945	2.7413
199	957	3.02012
199	989	3.32369
200	312	1.79617
200	329	1.79504
200	377	2.41058
200	388	2.41072
200	408	2.41137
200	477	2.41216
201	4	2.40691
201	14	1.80506
201	26	2.40534
201	74	1.80283
201	91	2.40379
201	115	2.40332
202	16	2.23165
202	52	2.23165
202	172	1.67194
202	278	2.35976
202	283	2.36063
202	332	2.36153
203	222	1.86958
203	449	2.30979
203	468	2.48689
203	760	3.48115
203	766	3.08481
203	775	0.459295
204	196	2.07665
204	281	2.69744
204	301	2.25638
204	500	3.1012
204	530	3.10182
204	590	3.16228
205	256	2.28012
205	294	2.27893
205	395	2.89178
205	411	2.89191
205	435	2.89233
205	946	3.81838
206	462	0.843552
206	581	1.70302
206	747	1.81843
206	873	2.8657
206	876	2.76066
206	959	3.24057
207	21	2.64857
207	152	2.64585
207	157	2.64406
207	160	2.64387
207	162	2.64489
207	990	4.07561
208	9	1.46969
208	196	2.02183
208	301	2.20156
208	376	2.90679
208	500	3.04638
208	530	3.04701
209	130	1.14292
209	131	1.21012
209	381	1.85891
209	728	2.64965
209	778	3.15947
209	832	3.20927
210	846	2.57482
210	854	2.75954
210	867	2.50737
210	893	2.68321
210	903	2.68349
210	938	3.10812
211	432	2.26274
211	732	2.01994
211	851	2.5212
211	869	2.28003
211	961	3.26483
211	965	3.14696
212	484	0.726446
212	878	1.96892
212	967	2.54825
212	979	2.54839
212	987	2.7223
212	997	2.72259
213	266	0.823331
213	689	1.99768
213	793	2.52814
213	807	2.52859
213	810	2.52911
213	831	2.80474
214	415	0.824284
214	870	5.80948
214	929	2.86861
214	964	3.11582
214	972	3.11592
214	1000	3.29247
215	168	1.85203
215	221	2.5865
215	255	2.3076
215	412	2.5236
215	489	3.08613
215	567	3.0868
215	573	3.08754
216	176	2.65163
216	234	2.67393
216	235	2.67272
216	236	2.67249
216	251	3.33505
216	276	2.67351
216	699	3.64829
217	262	2.04384
217	348	1.95473
217	486	2.01944
217	631	2.55085
217	675	2.70036
217	692	2.70101
217	721	2.70165
218	403	0.991359
218	421	0.804321
218	768	2.58894
218	845	2.88173
218	899	2.8117
218	932	3.19744
218	948	3.37445
219	240	1.85203
219	604	2.02063
219	620	2.01844
219	751	2.62104
219	926	3.49687
219	930	3.26367
219	933	3.26401
220	284	1.56162
220	366	2.15525
220	504	2.2527
220	545	2.52334
220	669	2.66417
220	706	2.67178
220	741	2.85283
221	215	2.5865
221	369	2.81399
221	412	2.39324
221	489	2.95578
221	567	2.95644
221	573	2.95718
221	815	2.81033
222	203	1.86958
222	308	2.29824
222	449	2.57653
222	517	2.7
222	617	2.80876
222	760	3.7479
222	766	3.35155
223	405	0.618872
223	911	2.79226
223	939	3.16888
223	941	3.17436
223	969	3.39687
223	986	3.4921
223	989	3.14927
224	34	2.92323
224	126	2.18964
224	132	2.18786
224	242	2.875
224	333	2.876
224	361	3.60793
224	936	1.3126
225	80	1.29858
225	490	1.97973
225	652	2.07704
225	693	2.2645
225	776	2.66576
225	826	3.1128
225	850	3.26844
226	77	2.51196
226	302	2.60052
226	402	2.87128
226	501	2.7
226	553	2.97009
226	574	2.58949
226	579	3.11019
227	190	1.85203
227	442	1.90049
227	595	2.20365
227	793	3.06877
227	807	3.06923
227	810	3.06975
227	831	3.34538
228	394	2.31448
228	525	2.18646
228	571	2.506
228	688	2.94116
228	731	3.12425
228	752	3.60209
228	764	4.68722
229	267	2.00879
229	300	1.85203
229	436	2.13476
229	508	2.31812
229	678	3.2109
229	691	3.58053
229	700	3.43072
230	282	2.43878
230	371	2.40029
230	429	2.64815
230	467	2.65332
230	664	3.27697
230	671	3.2775
230	750	1.8731
231	43	1.85203
231	166	2.09198
231	339	2.54878
231	470	2.32512
231	473	2.76383
231	665	3.20576
231	736	3.71493
232	40	2.43627
232	137	2.43446
232	143	2.43244
232	277	3.11905
232	335	3.11964
232	351	3.1205
232	519	2.7
233	658	2.04508
233	717	2.05835
233	811	0.501202
233	860	2.7768
233	904	2.96938
233	951	3.40175
233	956	3.40211
234	176	2.64983
234	216	2.67393
234	235	2.67092
234	236	2.67069
234	251	3.33325
234	276	2.67171
234	616	3.16228
235	176	2.64863
235	216	2.67272
235	234	2.67092
235	236	2.66949
235	251	3.33205
235	276	2.67051
235	624	3.16228
236	176	2.64839
236	216	2.67249
236	234	2.67069
236	235	2.66949
236	251	3.33181
236	276	2.67027
236	663	3.64829
237	75	2.92009
237	155	2.92009
237	184	2.36039
237	186	2.35976
237	279	3.04907
237	307	3.04997
237	786	4.68722
238	575	1.76427
238	599	2.25881
238	646	1.75203
238	707	2.19572
238	806	2.72398
238	902	2.88939
238	931	3.09151
239	185	2.62591
239	300	2.78721
239	306	2.34964
239	399	2.96616
239	432	2.96697
239	451	2.96774
239	705	3.64829
240	219	1.85203
240	337	2.12159
240	434	2.36691
240	577	2.66121
240	605	2.7347
240	791	3.33193
240	844	3.46292
241	68	1.90713
241	258	2.2389
241	526	2.96911
241	539	2.91131
241	580	3.04762
241	695	3.64829
241	787	3.60902
242	34	2.92325
242	126	2.18966
242	132	2.18787
242	224	2.875
242	333	2.87601
242	361	3.60795
242	566	2.7
243	67	1.85203
243	457	2.57931
243	491	2.97485
243	493	2.53131
243	560	2.78344
243	568	2.73248
243	643	3.07548
244	136	1.85932
244	384	2.22568
244	392	2.22496
244	417	2.56622
244	450	2.22453
244	566	2.78715
244	570	2.78773
245	908	2.24369
245	947	2.83526
245	955	2.34901
245	963	2.75584
245	966	2.94828
245	973	2.75646
245	984	3.10746
246	112	1.88057
246	347	1.82703
246	497	2.38289
246	623	2.52208
246	680	2.52554
246	702	2.63268
246	780	2.89782
247	249	1.85203
247	391	2.2171
247	434	2.31878
247	605	2.68657
247	654	2.74336
247	791	3.2838
247	844	3.4148
248	106	2.62591
248	311	2.78721
248	315	2.34964
248	431	2.96616
248	465	2.96697
248	469	2.96774
248	950	2.12523
249	247	1.85203
249	496	2.43069
249	561	2.7206
249	565	2.58983
249	656	2.55275
249	660	3.08715
249	772	3.2859
250	405	0.227144
250	911	2.40054
250	935	2.61662
250	939	2.77715
250	941	2.78264
250	954	2.82878
250	969	3.00514
251	216	3.33505
251	234	3.33325
251	235	3.33205
251	236	3.33181
251	276	3.33283
251	615	3.16228
251	713	3.64829
252	934	1.92898
252	942	2.25627
252	970	2.42014
252	975	2.46168
252	977	2.45613
252	981	2.47545
252	996	2.64379
253	146	1.85203
253	264	2.25409
253	486	2.36697
253	631	2.89837
253	675	3.04789
253	692	3.04853
253	721	3.04917
254	674	1.49028
254	846	2.41837
254	854	2.60309
254	867	2.35092
254	890	2.73278
254	893	2.52676
254	903	2.52704
255	73	1.67344
255	215	2.3076
255	369	2.53509
255	412	2.11434
255	489	2.67687
255	567	2.67754
255	573	2.67828
256	205	2.28012
256	294	2.17368
256	330	1.93934
256	342	1.93799
256	395	2.78653
256	411	2.78666
256	435	2.78708
257	159	1.89819
257	344	2.09697
257	346	2.01045
257	407	2.26826
257	441	2.62397
257	454	2.25044
257	687	3.52594
258	58	1.44665
258	241	2.2389
258	293	1.92952
258	580	2.4807
258	676	2.70461
258	703	2.82287
258	787	3.0421
259	475	1.57402
259	490	1.93965
259	610	2.01345
259	693	2.22442
259	776	2.62569
259	826	3.07273
259	850	3.22837
260	117	2.78477
260	316	3.46952
260	325	3.46953
260	343	3.47027
260	355	3.47112
260	771	4.68722
260	932	3.00216
261	91	1.85203
261	141	0.469926
261	911	2.84558
261	935	3.06166
261	954	3.27382
261	969	3.45019
261	986	3.54542
262	217	2.04384
262	460	2.56908
262	486	2.50165
262	675	3.18257
262	692	3.18322
262	721	3.18385
262	817	2.61916
263	442	1.54141
263	593	1.82319
263	689	2.17924
263	793	2.70969
263	807	2.71015
263	810	2.71067
263	831	2.9863
264	253	2.25409
264	486	2.36438
264	612	3.16228
264	631	2.89579
264	675	3.0453
264	692	3.04595
264	721	3.04658
265	625	1.41567
265	767	1.97564
265	836	2.19721
265	852	2.32195
265	877	2.63135
265	937	3.07127
265	952	3.0636
266	213	0.823331
266	488	1.58972
266	595	2.10235
266	793	2.96748
266	807	2.96793
266	810	2.96845
266	831	3.24408
267	158	2.12461
267	229	2.00879
267	418	1.76439
267	591	2.43058
267	632	2.4754
267	678	2.7457
267	691	3.11534
268	3	1.85203
268	628	1.25178
268	911	2.65591
268	941	3.03801
268	954	3.08415
268	969	3.26051
268	986	3.35574
269	658	1.69423
269	717	1.70751
269	777	2.22433
269	782	2.31069
269	904	2.61854
269	951	3.0509
269	956	3.05127
270	271	2.19928
270	398	1.99906
270	483	2.6277
270	662	2.92346
270	668	3.33759
270	729	4.15692
270	763	3.58908
271	270	2.19928
271	323	2.292
271	483	2.70062
271	609	2.82642
271	662	2.99638
271	763	3.66201
271	858	5.80948
272	308	1.93703
272	354	1.56774
272	389	2.1187
272	449	2.21533
272	617	2.44755
272	760	3.38669
272	766	2.99034
273	26	1.85203
273	685	1.99831
273	806	2.77096
273	808	3.02821
273	841	2.78778
273	902	2.93637
273	931	3.1385
274	325	1.85203
274	935	2.53809
274	939	2.69863
274	941	2.70411
274	954	2.75025
274	969	2.92662
274	986	3.02185
275	109	1.96468
275	434	2.47811
275	503	2.7
275	577	2.77242
275	654	2.90269
275	713	2.9749
275	844	3.57413
276	176	2.64941
276	216	2.67351
276	234	2.67171
276	235	2.67051
276	236	2.67027
276	251	3.33283
276	896	2.26094
277	40	2.436
277	137	2.43418
277	143	2.43217
277	232	3.11905
277	335	3.11936
277	351	3.12022
277	991	2.49341
278	16	2.92009
278	52	2.92009
278	172	2.36039
278	202	2.35976
278	283	3.04907
278	332	3.04997
278	540	2.7
279	75	2.92096
279	155	2.92096
279	184	2.36126
279	186	2.36063
279	237	3.04907
279	307	3.05084
279	961	3.48583
280	13	2.69129
280	44	2.83597
280	138	2.88564
280	195	2.26832
280	297	2.99609
280	321	2.98648
280	666	3.64829
281	134	2.2042
281	204	2.69744
281	295	1.85203
281	301	2.34186
281	376	3.04709
281	500	3.18668
281	530	3.1873
282	230	2.43878
282	323	1.85203
282	429	2.43181
282	533	2.75391
282	584	2.92301
282	664	3.06063
282	671	3.06116
283	16	2.92096
283	52	2.92096
283	172	2.36126
283	202	2.36063
283	278	3.04907
283	332	3.05084
283	608	1.21631
284	220	1.56162
284	366	2.18971
284	504	2.28715
284	545	2.55779
284	548	2.47928
284	706	2.70623
284	741	2.88729
285	462	0.985774
285	635	1.61159
285	747	1.96066
285	873	3.00792
285	876	2.90288
285	883	2.81888
285	959	3.38279
286	46	2.40043
286	61	2.96554
286	114	2.96554
286	151	2.39696
286	154	2.96989
286	156	2.96989
286	586	3.16228
287	118	2.11188
287	181	2.12664
287	302	2.88717
287	374	2.26274
287	553	3.25674
287	574	2.87614
287	579	3.39684
288	456	1.25365
288	589	1.38989
288	811	2.64494
288	849	2.64266
288	914	2.68368
288	920	3.07282
288	938	2.99182
289	774	1.42426
289	913	1.99201
289	925	2.15895
289	962	2.66851
289	983	2.80443
289	988	2.80476
289	990	2.8051
290	128	1.99125
290	135	2.43695
290	142	2.43533
290	197	1.98817
290	356	2.18984
290	385	2.80673
290	446	2.80749
291	384	2.53557
291	392	2.53484
291	417	2.8761
291	450	2.53442
291	463	2.26274
291	566	3.09704
291	570	3.09761
292	422	1.99819
292	496	2.06412
292	558	2.43547
292	561	2.35403
292	656	2.18618
292	660	2.72058
292	772	2.91933
293	258	1.92952
293	526	2.65973
293	580	2.73824
293	676	2.96215
293	703	3.08041
293	741	4.15692
293	787	3.29964
294	205	2.27893
294	256	2.17368
294	330	1.93815
294	342	1.9368
294	395	2.78534
294	411	2.78547
294	435	2.78589
295	101	1.91614
295	281	1.85203
295	485	2.51942
295	507	2.88133
295	588	3.06492
295	613	3.04013
295	663	3.23943
296	732	2.22638
296	743	1.98852
296	843	5.80948
296	851	2.72764
296	923	3.21651
296	940	3.26375
296	960	3.25771
297	13	2.69197
297	44	2.83665
297	140	2.88575
297	195	2.269
297	280	2.99609
297	321	2.98716
297	754	2.53477
298	362	2.48016
298	443	2.30795
298	497	2.74277
298	680	2.88541
298	702	2.99256
298	769	2.53477
298	780	3.2577
299	12	1.66984
299	36	1.66154
299	457	2.45991
299	491	2.85545
299	493	2.41192
299	560	2.66404
299	643	2.95608
300	29	2.62419
300	229	1.85203
300	239	2.78721
300	306	2.34837
300	399	2.96489
300	432	2.9657
300	451	2.96647
301	134	1.76313
301	204	2.25638
301	208	2.20156
301	281	2.34186
301	376	2.60602
301	500	2.74562
301	530	2.74624
302	118	1.99341
302	226	2.60052
302	287	2.88717
302	553	3.13827
302	574	2.75767
302	579	3.27836
302	655	3.16228
303	360	1.85203
303	755	2.47378
303	768	2.46446
303	794	2.63816
303	845	2.75724
303	932	3.07296
303	948	3.24997
304	567	2.7
304	847	2.29522
304	878	2.34263
304	967	2.92196
304	979	2.9221
304	987	3.09601
304	997	3.0963
305	165	2.03486
305	349	2.25698
305	375	2.73911
305	585	3.2161
305	587	3.21656
305	647	3.21716
305	826	2.19517
306	29	2.18662
306	185	2.18707
306	239	2.34964
306	300	2.34837
306	399	2.52732
306	432	2.52813
306	451	2.5289
307	75	2.92186
307	155	2.92186
307	184	2.36216
307	186	2.36153
307	237	3.04997
307	279	3.05084
307	877	3.18603
308	222	2.29824
308	272	1.93703
308	354	2.09087
308	468	2.91555
308	500	2.7
308	760	3.90982
308	766	3.51348
309	370	1.56439
309	506	2.38817
309	525	1.74881
309	688	2.50351
309	731	2.6866
309	749	2.62307
309	752	3.16445
310	809	1.87114
310	872	1.86393
310	945	2.22645
310	957	2.50527
310	968	2.60821
310	989	2.80884
310	993	2.77866
311	11	2.62419
311	248	2.78721
311	315	2.34837
311	431	2.96489
311	441	2.26274
311	465	2.9657
311	469	2.96647
312	124	1.79617
312	200	1.79617
312	329	2.12234
312	377	2.73788
312	388	2.73802
312	408	2.73867
312	477	2.73946
313	674	2.00255
313	720	3.64829
313	773	2.40063
313	846	2.93064
313	890	3.24504
313	893	3.03903
313	903	3.03931
314	768	2.42911
314	794	2.60281
314	845	2.7219
314	899	2.65187
314	917	1.52592
314	932	3.03761
314	948	3.21462
315	11	2.18662
315	106	2.18707
315	248	2.34964
315	311	2.34837
315	431	2.52732
315	465	2.52813
315	469	2.5289
316	57	1.85203
316	72	2.78286
316	117	2.08781
316	260	3.46952
316	325	2.77258
316	343	2.77332
316	355	2.77416
317	473	2.26274
317	811	2.61803
317	842	2.71131
317	857	2.6555
317	914	2.65678
317	920	3.04592
317	938	2.96492
318	88	1.83003
318	387	2.75876
318	463	2.58223
318	546	2.49265
318	617	3.16228
318	745	3.45879
318	789	3.57148
319	393	2.61869
319	428	2.58399
319	505	2.75794
319	521	2.687
319	618	2.89068
319	748	3.1436
319	868	5.80948
320	149	2.09542
320	326	2.41875
320	390	2.75132
320	542	3.0151
320	615	3.1873
320	616	3.18783
320	897	2.37826
321	13	2.68236
321	138	2.87671
321	140	2.87614
321	195	2.25939
321	280	2.98648
321	297	2.98716
321	733	4.15692
322	76	2.7522
322	390	3.19201
322	542	3.45579
322	615	3.62799
322	616	3.62852
322	803	1.76908
322	877	2.62345
323	271	2.292
323	282	1.85203
323	398	2.09178
323	550	2.74548
323	609	2.84621
323	662	3.01618
323	763	3.6818
324	698	1.7274
324	729	1.72976
324	812	2.68021
324	816	2.25153
324	853	2.36154
324	861	2.80825
324	946	3.09828
325	72	2.78287
325	117	2.08783
325	260	3.46953
325	274	1.85203
325	316	2.77258
325	343	2.77333
325	355	2.77417
326	7	1.84634
326	76	2.08399
326	149	1.86789
326	320	2.41875
326	390	2.5238
326	615	2.95978
326	616	2.96031
327	58	1.7503
327	539	2.64803
327	580	2.78434
327	676	3.00825
327	703	3.12651
327	787	3.34574
327	808	0.926013
328	472	1.73097
328	514	1.83442
328	520	2.30649
328	612	2.46796
328	636	2.39348
328	670	2.60504
328	840	3.3593
329	124	1.79504
329	200	1.79504
329	312	2.12234
329	377	2.73675
329	388	2.73689
329	408	2.73754
329	477	2.73833
330	256	1.93934
330	294	1.93815
330	342	1.70247
330	395	2.55101
330	411	2.55113
330	435	2.55155
331	716	1.63473
331	905	2.49652
331	916	2.96427
331	963	3.07434
331	965	3.68372
331	973	3.07496
331	984	3.42596
332	16	2.92186
332	52	2.92186
332	172	2.36216
332	202	2.36153
332	278	3.04997
332	283	3.05084
332	906	2.04668
333	34	2.92425
333	126	2.19066
333	132	2.18887
333	224	2.876
333	242	2.87601
333	361	3.60895
333	817	2.61916
334	759	1.72888
334	824	1.93314
334	885	2.43101
334	887	2.19981
334	898	2.51372
334	976	2.84385
334	985	3.01114
335	40	2.43658
335	137	2.43477
335	143	2.43276
335	232	3.11964
335	277	3.11936
335	351	3.12081
335	739	4.15692
336	30	2.05568
336	513	2.72598
336	621	2.65353
336	634	2.79732
336	657	2.74825
336	814	3.68614
336	982	3.27981
337	240	2.12159
337	391	2.27462
337	620	3.16228
337	629	2.65349
337	654	2.80088
337	791	3.34133
337	844	3.47232
338	56	1.57719
338	372	2.3691
338	426	1.85189
338	501	2.41275
338	547	2.52426
338	649	2.60878
338	744	3.33885
339	69	1.93768
339	135	1.85203
339	166	2.27278
339	231	2.54878
339	353	2.61855
339	665	3.38656
339	736	3.89572
340	364	2.26274
340	934	2.34792
340	955	2.62721
340	970	2.83908
340	977	2.87507
340	981	2.89439
340	996	3.06273
341	697	0.130996
341	756	1.86222
341	784	1.97457
341	980	3.12904
341	991	3.25675
341	994	3.22601
341	999	3.21266
342	256	1.93799
342	294	1.9368
342	330	1.70247
342	395	2.54966
342	411	2.54978
342	435	2.55021
343	72	2.78361
343	117	2.08857
343	260	3.47027
343	316	2.77332
343	325	2.77333
343	355	2.77491
343	802	2.81033
344	120	1.85797
344	169	2.2412
344	257	2.09697
344	346	2.11536
344	407	2.37316
344	454	2.35534
344	687	3.63085
345	192	1.5401
345	705	2.35953
345	769	2.92701
345	798	3.17077
345	855	3.33374
345	866	3.33419
345	977	1.56233
346	159	1.91657
346	169	2.15468
346	257	2.01045
346	344	2.11536
346	407	2.28664
346	441	2.64236
346	687	3.54433
347	127	1.85203
347	246	1.82703
347	529	2.60458
347	623	2.93517
347	680	2.93862
347	702	3.04577
347	780	3.31091
348	217	1.95473
348	460	2.47997
348	631	2.94395
348	675	3.09346
348	692	3.09411
348	721	3.09475
348	986	3.83388
349	165	1.54098
349	305	2.25698
349	396	2.32617
349	479	2.37901
349	585	2.72222
349	587	2.72268
349	647	2.72328
350	552	2.7
350	811	2.62496
350	842	2.71824
350	849	2.62269
350	914	2.6637
350	920	3.05285
350	938	2.97185
351	40	2.43745
351	137	2.43563
351	143	2.43362
351	232	3.1205
351	277	3.12022
351	335	3.12081
351	687	0.612634
352	674	3.64829
352	792	2.16512
352	815	2.66189
352	848	2.79888
352	888	2.9683
352	906	2.95393
352	917	3.12209
353	93	2.39342
353	168	2.1909
353	339	2.61855
353	470	2.39489
353	665	3.27553
353	736	3.7847
353	828	5.23832
354	182	1.43997
354	272	1.56774
354	308	2.09087
354	389	2.27253
354	617	2.60139
354	760	3.54053
354	766	3.14418
355	72	2.78446
355	117	2.08941
355	260	3.47112
355	316	2.77416
355	325	2.77417
355	343	2.77491
355	887	6.4
356	128	1.99176
356	135	2.43746
356	142	2.43584
356	197	1.98868
356	290	2.18984
356	385	2.80724
356	446	2.808
357	146	1.44639
357	170	1.3233
357	414	1.8034
357	562	2.40429
357	728	2.87293
357	778	3.38275
357	832	3.43254
358	370	1.91631
358	572	2.36846
358	688	2.85543
358	731	3.03852
358	749	2.97499
358	752	3.51636
358	755	1.68848
359	720	1.37873
359	824	1.88621
359	885	2.38409
359	898	2.46679
359	976	2.79693
359	978	2.77952
359	985	2.96421
360	303	1.85203
360	425	2.39801
360	459	2.69738
360	461	2.39777
360	637	2.98261
360	681	3.09859
360	710	3.09897
361	126	2.92259
361	132	2.92081
361	133	0.90151
361	224	3.60793
361	242	3.60795
361	333	3.60895
361	949	4.46626
362	86	1.86634
362	112	2.58691
362	298	2.48016
362	483	2.7
362	529	2.89784
362	680	3.23188
362	780	3.60416
363	659	2.18009
363	715	2.20241
363	730	2.49926
363	798	3.15566
363	855	3.31862
363	866	3.31908
363	926	3.29928
364	340	2.26274
364	404	1.75653
364	639	1.95411
364	838	3.07985
364	842	3.37
364	849	3.27445
364	914	3.31547
364	938	3.62361
365	515	1.25242
365	655	1.89304
365	881	2.87436
365	913	2.97913
365	968	4.14095
365	983	3.79155
365	988	3.79188
365	990	3.79222
366	220	2.15525
366	284	2.18971
366	466	2.86607
366	548	3.07291
366	669	3.29226
366	706	3.29986
366	741	3.48092
366	910	2.25291
367	650	1.17126
367	801	2.18657
367	884	1.40513
367	896	3.12874
367	958	3.08262
367	971	3.51274
367	974	3.65331
367	992	3.63269
368	6	2.26274
368	97	2.00426
368	423	2.40105
368	546	2.57003
368	619	3.05077
368	677	3.31013
368	699	3.40237
368	789	3.64885
369	73	2.31019
369	221	2.81399
369	255	2.53509
369	412	2.75109
369	489	3.31362
369	567	3.31429
369	573	3.31503
369	967	3.44818
370	309	1.56439
370	358	1.91631
370	506	2.63986
370	572	2.26823
370	688	2.7552
370	731	2.93828
370	749	2.87475
370	752	3.41613
371	25	1.67926
371	31	2.23967
371	230	2.40029
371	467	2.3985
371	533	2.71542
371	584	2.88452
371	664	3.02214
371	671	3.02267
372	179	2.53474
372	338	2.3691
372	426	2.41718
372	501	2.97804
372	541	3.00951
372	604	3.16228
372	649	3.17407
372	744	3.90414
373	757	2.3549
373	823	2.69048
373	858	2.57492
373	871	2.73999
373	886	2.81512
373	909	3.07251
373	924	3.04268
373	953	3.41954
374	287	2.26274
374	476	1.48422
374	815	3.03331
374	828	2.69967
374	848	3.1703
374	859	3.16559
374	906	3.32535
374	917	3.49351
375	28	2.26274
375	194	2.34466
375	305	2.73911
375	396	2.8083
375	479	2.86114
375	585	3.20435
375	587	3.20481
375	647	3.20541
376	134	2.46836
376	196	2.4263
376	208	2.90679
376	281	3.04709
376	301	2.60602
376	500	3.45085
376	530	3.45147
376	798	1.8156
377	124	2.41058
377	200	2.41058
377	312	2.73788
377	329	2.73675
377	388	3.35243
377	408	3.35308
377	477	3.35387
377	972	4.14095
378	22	2.05944
378	382	2.37516
378	393	2.47681
378	428	2.44211
378	505	2.61606
378	597	2.65839
378	618	2.7488
378	748	3.00172
379	173	2.52792
379	452	2.87376
379	480	2.87309
379	481	2.87276
379	523	3.07443
379	535	3.07499
379	544	3.07563
379	723	1.62869
380	482	1.55567
380	642	1.32594
380	675	3.64829
380	922	3.36701
380	943	3.21837
380	964	3.57171
380	972	3.57181
380	1000	3.74835
381	131	2.14273
381	209	1.85891
381	409	2.26274
381	414	2.51274
381	447	2.50067
381	562	3.11363
381	778	4.09208
381	832	4.14187
382	27	2.26274
382	378	2.37516
382	393	2.85649
382	401	2.66864
382	521	2.9248
382	597	3.03807
382	618	3.12848
382	748	3.3814
383	738	4.15692
383	742	1.91882
383	756	2.20024
383	868	2.76329
383	880	2.83825
383	980	3.46706
383	991	3.59477
383	994	3.56403
384	136	2.05174
384	244	2.22568
384	291	2.53557
384	392	2.41738
384	417	2.75863
384	450	2.41695
384	566	2.97957
384	570	2.98014
385	128	2.60864
385	135	3.05435
385	142	3.05272
385	197	2.60557
385	290	2.80673
385	356	2.80724
385	446	3.42488
385	876	5.80948
386	474	2.60377
386	495	2.7
386	527	2.52002
386	633	2.77246
386	640	2.62087
386	726	2.98672
386	770	3.20065
386	800	3.67031
387	97	1.92021
387	318	2.75876
387	546	2.48598
387	619	2.96672
387	677	3.22608
387	745	3.45212
387	789	3.5648
387	937	4.41213
388	124	2.41072
388	200	2.41072
388	312	2.73802
388	329	2.73689
388	377	3.35243
388	408	3.35323
388	477	3.35402
388	592	3.16228
389	183	1.92347
389	272	2.1187
389	354	2.27253
389	468	3.09721
389	617	3.15235
389	760	4.09148
389	766	3.69514
389	806	5.23832
390	7	2.17891
390	320	2.75132
390	322	3.19201
390	326	2.5238
390	449	2.26274
390	542	3.12014
390	615	3.29235
390	616	3.29288
391	247	2.2171
391	337	2.27462
391	629	2.79712
391	654	2.94452
391	713	3.01673
391	791	3.48496
391	844	3.61596
391	926	3.71
392	136	2.05102
392	244	2.22496
392	291	2.53484
392	384	2.41738
392	417	2.75791
392	450	2.41623
392	566	2.97885
392	570	2.97942
393	13	2.26274
393	319	2.61869
393	378	2.47681
393	382	2.85649
393	401	2.77029
393	521	3.02645
393	597	3.13972
393	748	3.48305
394	228	2.31448
394	506	2.9523
394	525	2.31294
394	571	2.63248
394	731	3.25073
394	749	3.1872
394	752	3.72858
394	972	4.14095
395	205	2.89178
395	256	2.78653
395	294	2.78534
