1	29	2.79838
1	103	2.92921
1	210	3.08725
1	236	3.4351
1	240	3.58322
1	344	3.55387
1	374	3.73931
1	413	3.71741
1	514	4.0471
1	528	4.26624
1	552	4.12295
1	560	4.12295
1	571	4.44114
1	576	4.44114
1	951	5.84021
2	3	3.48486
2	5	3.83826
2	13	3.82926
2	17	3.83618
2	23	3.80455
2	38	3.50945
2	55	3.48486
2	83	3.5165
2	93	3.89612
2	119	3.61732
2	128	3.61732
2	141	3.92087
2	155	3.92071
2	225	4.009
2	939	5.88161
3	2	3.48486
3	5	3.81371
3	13	3.80472
3	17	3.81164
3	23	3.78
3	38	3.48491
3	49	3.77942
3	83	3.49195
3	93	3.87157
3	119	3.59277
3	128	3.59277
3	141	3.89633
3	155	3.89617
3	225	3.98445
3	994	5.80519
4	136	2.69639
4	458	2.56822
4	493	3.40381
4	589	3.72306
4	594	3.77862
4	596	3.69188
4	611	3.74414
4	671	4.28291
4	698	4.36349
4	706	4.36208
4	721	4.46392
4	734	4.4223
4	745	4.53603
4	755	4.81665
4	968	3.31191
5	2	3.83826
5	3	3.81371
5	17	4.16503
5	23	4.1334
5	38	3.8383
5	49	4.13282
5	55	3.81371
5	83	3.84535
5	93	4.22497
5	119	3.94617
5	128	3.94617
5	155	4.24956
5	225	4.33785
5	298	0.000972254
5	767	5.97923
6	77	3.30573
6	210	3.32927
6	217	3.34651
6	240	3.82525
6	244	3.72655
6	249	3.2232
6	345	2.60023
6	379	3.89888
6	413	3.95943
6	514	4.28913
6	528	4.50827
6	552	4.36497
6	560	4.36497
6	571	4.68316
6	576	4.68316
7	84	3.23567
7	138	3.70394
7	196	3.50086
7	289	3.66662
7	334	0.736344
7	347	3.94547
7	359	4.08039
7	362	4.1073
7	389	4.09296
7	443	4.18673
7	462	4.19802
7	470	4.29775
7	502	4.63478
7	520	4.63478
7	926	5.42122
8	575	5.64482
8	622	2.40522
8	788	3.33409
8	799	3.41182
8	819	3.59034
8	828	3.85309
8	833	3.81042
8	847	3.87308
8	851	3.85126
8	859	3.77365
8	862	3.83237
8	864	3.99186
8	895	4.07562
8	907	4.22068
8	920	4.26178
9	22	3.36122
9	132	3.7081
9	167	3.85472
9	204	7.00928
9	214	3.58483
9	283	4.03689
9	318	4.11852
9	321	1.10132
9	363	4.17176
9	377	4.17435
9	390	4.17435
9	416	4.21151
9	423	4.29634
9	424	4.29634
9	450	4.29634
10	113	3.16157
10	149	3.45112
10	177	3.29318
10	266	3.4103
10	314	3.52033
10	371	3.81392
10	396	3.83112
10	402	3.87985
10	406	3.8542
10	439	3.95236
10	447	3.96763
10	474	4.05115
10	482	4.02439
10	501	4.07414
10	974	5.86069
11	558	2.35812
11	597	2.46709
11	620	2.71518
11	740	3.33054
11	750	3.34548
11	777	3.78747
11	821	3.82611
11	827	5.77976
11	873	4.21389
11	876	4.10016
11	885	4.28305
11	902	4.4223
11	909	4.38238
11	911	4.40326
11	929	4.65024
12	77	3.31104
12	106	3.39613
12	217	3.35181
12	236	3.68243
12	240	3.83055
12	344	3.80119
12	374	3.98664
12	514	4.29443
12	528	4.51357
12	552	4.37027
12	560	4.37027
12	571	4.68847
12	576	4.68847
12	739	4.37091
12	861	1.53029
13	2	3.82926
13	3	3.80472
13	17	4.15604
13	23	4.1244
13	38	3.82931
13	55	3.80472
13	83	3.83635
13	93	4.21598
13	119	3.93718
13	128	3.93718
13	141	4.24073
13	155	4.24057
13	174	7.00928
13	225	4.32885
13	551	0.53562
14	227	2.22994
14	295	2.65574
14	466	3.34558
14	515	3.0571
14	586	3.78952
14	616	3.72127
14	632	3.6039
14	683	4.27193
14	719	4.3645
14	759	4.54571
14	791	4.77111
14	794	3.02148
14	802	4.70351
14	841	4.96671
14	869	5.31587
15	27	3.44347
15	37	3.43399
15	52	3.44347
15	53	3.69984
15	59	3.43399
15	118	3.54775
15	146	3.82309
15	154	3.82309
15	179	3.93943
15	182	3.93943
15	189	3.93943
15	203	3.93943
15	223	3.93943
15	229	3.93943
15	663	5.69433
16	21	0.143804
16	35	3.44332
16	87	3.77763
16	144	4.10129
16	254	4.0429
16	275	4.06288
16	276	4.03911
16	312	3.85549
16	319	3.87008
16	332	4.14353
16	334	4.13178
16	373	4.24764
16	414	4.24242
16	461	4.32721
16	799	5.62237
17	2	3.83618
17	3	3.81164
17	5	4.16503
17	13	4.15604
17	38	3.83623
17	49	4.13074
17	55	3.81164
17	83	3.84327
17	93	4.2229
17	119	3.94409
17	128	3.94409
17	141	4.24765
17	225	4.33577
17	808	3.39839
17	817	2.4828
18	196	3.43936
18	230	3.81873
18	261	3.76829
18	289	3.60512
18	336	3.91303
18	359	4.0189
18	362	4.04581
18	389	4.03146
18	443	4.12524
18	462	4.13652
18	470	4.23626
18	502	4.57328
18	520	4.57328
18	807	1.82425
18	905	4.04853
19	46	3.93957
19	50	3.61039
19	61	3.92456
19	82	3.93
19	143	4.03475
19	147	4.02213
19	161	4.42201
19	174	3.84793
19	178	4.12519
19	194	3.84793
19	212	4.13199
19	247	4.22441
19	269	4.22441
19	410	4.49645
19	805	1.2961
20	355	3.62406
20	369	3.66917
20	412	3.63731
20	476	3.91008
20	511	3.9746
20	526	3.97115
20	537	4.08098
20	544	4.30473
20	545	4.09629
20	546	6.15899
20	564	4.05624
20	584	4.39144
20	588	4.17392
20	591	4.39531
20	662	0.000655637
21	16	0.143804
21	812	2.94113
21	832	3.03261
21	845	3.3545
21	849	3.54619
21	894	3.77541
21	901	3.70609
21	933	6.02825
21	940	3.9214
21	966	4.47752
21	979	4.40988
21	990	4.77165
21	991	4.84897
21	996	4.72216
21	997	4.77775
22	9	3.36122
22	76	3.1033
22	167	3.55281
22	209	3.58363
22	283	3.73498
22	287	3.68962
22	318	3.81661
22	341	3.80534
22	377	3.87244
22	390	3.87244
22	416	3.9096
22	423	3.99443
22	424	3.99443
22	450	3.99443
22	994	5.80519
23	2	3.80455
23	3	3.78
23	5	4.1334
23	13	4.1244
23	49	4.09911
23	55	3.78
23	83	3.81164
23	93	4.19126
23	119	3.91246
23	128	3.91246
23	141	4.21601
23	155	4.21585
23	225	4.30414
23	486	2.78863
23	718	3.09076
24	44	3.83455
24	107	3.87985
24	110	3.91253
24	120	3.6494
24	180	3.75135
24	181	3.10619
24	258	3.8611
24	259	4.11029
24	262	4.14321
24	284	4.14321
24	288	4.12927
24	293	4.42253
24	331	4.224
24	342	4.224
24	903	2.71577
25	65	2.96857
25	125	3.23715
25	185	0.509577
25	201	3.01464
25	296	5.32283
25	372	3.57103
25	407	3.68539
25	495	3.82973
25	578	4.34735
25	602	4.31187
25	647	4.30243
25	661	4.62704
25	714	4.79669
25	717	4.79669
25	728	4.79669
26	69	3.39593
26	72	3.35073
26	75	3.35684
26	86	3.76792
26	170	3.85616
26	181	3.85341
26	195	3.85616
26	197	3.88273
26	200	3.85337
26	204	3.59651
26	221	3.59651
26	234	3.973
26	256	3.973
26	289	7.63675
26	296	3.973
27	15	3.44347
27	37	3.46562
27	52	3.4751
27	53	3.73148
27	59	3.46562
27	78	3.44347
27	118	3.57939
27	146	3.85473
27	179	3.97107
27	182	3.97107
27	189	3.97107
27	203	3.97107
27	223	3.97107
27	229	3.97107
27	531	5.81746
28	32	2.12811
28	34	2.03981
28	452	2.85682
28	464	2.61725
28	555	3.31255
28	643	5.74324
28	655	3.94547
28	668	3.83935
28	683	4.00459
28	719	4.09716
28	759	4.27837
28	791	4.50377
28	839	4.91413
28	841	4.69937
28	869	5.04853
29	1	2.79838
29	210	3.07264
29	217	3.08988
29	240	3.56862
29	246	3.43512
29	344	3.53926
29	374	3.72471
29	413	3.7028
29	514	4.0325
29	528	4.25164
29	552	4.10834
29	560	4.10834
29	571	4.42653
29	576	4.42653
29	647	5.78179
30	97	2.75199
30	400	3.06309
30	463	3.0943
30	484	3.30615
30	516	3.66708
30	519	3.79248
30	595	3.78929
30	609	3.9066
30	621	3.71657
30	642	3.99965
30	650	4.13368
30	703	4.15717
30	746	4.55051
30	747	4.35672
30	926	6.02004
31	447	1.0741
31	806	4.78102
31	843	3.10963
31	857	3.30047
31	883	3.34892
31	949	3.92694
31	967	4.07963
31	975	4.2129
31	976	4.08035
31	977	4.15538
31	980	4.06825
31	984	4.63987
31	989	4.38944
31	998	4.48674
31	1000	4.48674
32	28	2.12811
32	255	1.933
32	271	2.54805
32	435	3.0633
32	586	3.68322
32	616	3.61497
32	655	4.1065
32	683	4.16563
32	752	4.37761
32	759	4.43941
32	838	5.01334
32	839	5.07517
32	841	4.86041
32	869	5.20956
32	884	4.13984
33	54	3.15107
33	66	3.44742
33	68	3.44742
33	88	3.27136
33	89	3.23799
33	95	3.55694
33	150	3.58506
33	152	3.55989
33	169	3.37227
33	183	3.37227
33	206	3.66505
33	211	3.37227
33	232	3.74875
33	235	3.74875
33	281	3.74875
34	28	2.03981
34	452	2.92956
34	616	3.52667
34	632	3.4093
34	639	3.73562
34	681	3.8853
34	744	0.000217219
34	752	4.28931
34	759	4.35111
34	791	4.57651
34	801	6.02015
34	802	4.50891
34	838	4.92504
34	839	4.98687
34	869	5.12126
35	16	3.44332
35	79	3.17044
35	145	3.57826
35	160	3.6933
35	254	3.78686
35	275	3.80683
35	276	3.78306
35	305	3.8731
35	312	3.59945
35	319	3.61404
35	332	3.88748
35	373	3.9916
35	414	3.98637
35	461	4.07117
35	680	5.86605
36	107	3.95587
36	109	3.7013
36	116	4.01011
36	120	3.72542
36	157	3.69806
36	180	3.82736
36	258	3.93711
36	259	4.1863
36	262	4.21922
36	284	4.21922
36	288	4.20528
36	331	4.30001
36	342	4.30001
36	845	2.52956
36	993	3.32638
37	15	3.43399
37	27	3.46562
37	52	3.46562
37	59	3.45614
37	78	3.43399
37	118	3.56991
37	146	3.84524
37	154	3.84524
37	179	3.96159
37	182	3.96159
37	189	3.96159
37	203	3.96159
37	223	3.96159
37	229	3.96159
37	475	5.69162
38	2	3.50945
38	3	3.48491
38	5	3.8383
38	13	3.82931
38	17	3.83623
38	49	3.80401
38	55	3.48491
38	83	3.51654
38	93	3.89617
38	119	3.61737
38	128	3.61737
38	141	3.92092
38	155	3.92076
38	225	4.00904
38	840	5.94958
39	69	3.39593
39	72	3.35073
39	75	3.35684
39	86	3.76792
39	170	3.85616
39	195	3.85616
39	197	3.88273
39	198	3.85341
39	200	3.85337
39	204	3.59651
39	221	3.59651
39	234	3.973
39	256	3.973
39	296	3.973
39	557	5.85512
40	294	2.86718
40	905	3.01537
40	917	3.6235
40	935	3.68992
40	945	3.83451
40	952	4.06101
40	954	4.16423
40	955	3.95266
40	956	4.06628
40	965	4.04976
40	968	4.16241
40	971	4.02864
40	972	4.18022
40	973	4.18485
40	978	4.28728
41	466	2.84979
41	491	0.923743
41	548	8.92068
41	586	3.29373
41	639	3.43443
41	655	3.71701
41	719	3.86871
41	752	3.98812
41	759	4.04992
41	791	4.27532
41	802	4.20772
41	838	4.62386
41	839	4.68568
41	841	4.47092
41	869	4.82008
42	79	3.40163
42	160	3.9245
42	254	4.01805
42	275	4.03803
42	276	4.01426
42	279	3.98553
42	305	4.10429
42	312	3.83064
42	332	4.11868
42	334	4.10693
42	373	4.2228
42	414	4.21757
42	461	4.30236
42	822	4.68032
42	904	1.41029
43	96	3.10636
43	171	3.41724
43	301	3.66511
43	383	4.05049
43	436	4.00076
43	446	3.94215
43	472	4.12512
43	503	4.15971
43	505	4.11325
43	506	4.15138
43	547	4.52998
43	563	4.27968
43	643	4.74406
43	702	0.946067
43	842	4.87865
44	24	3.83455
44	109	3.6872
44	110	3.97445
44	116	3.99602
44	120	3.71132
44	180	3.81326
44	258	3.92301
44	259	4.1722
44	262	4.20512
44	284	4.20512
44	288	4.19118
44	331	4.28591
44	342	4.28591
44	727	0.00117848
44	858	6.3712
45	349	1.717
45	434	1.98656
45	539	2.58103
45	567	2.79452
45	690	3.52006
45	828	4.29682
45	833	4.25414
45	847	4.31681
45	855	5.81102
45	859	4.21738
45	862	4.2761
45	864	4.43558
45	895	4.51935
45	907	4.66441
45	920	4.70551
46	19	3.93957
46	50	3.64405
46	51	3.68265
46	62	3.92983
46	82	3.96366
46	143	4.06841
46	161	4.45567
46	174	3.88159
46	187	4.15644
46	194	3.88159
46	212	4.16565
46	247	4.25808
46	269	4.25808
46	984	0.00182319
46	1000	5.8686
47	54	3.38235
47	66	3.67871
47	68	3.67871
47	88	3.50265
47	95	3.78822
47	150	3.81634
47	152	3.79118
47	169	3.60355
47	183	3.60355
47	206	3.89634
47	211	3.60355
47	232	3.98004
47	235	3.98004
47	281	3.98004
47	629	5.71565
48	329	1.44017
48	518	2.30412
48	521	2.26281
48	740	3.42386
48	777	3.88079
48	821	3.91943
48	836	3.94563
48	862	5.82622
48	873	4.3072
48	876	4.19347
48	885	4.37636
48	902	4.51561
48	909	4.4757
48	911	4.49657
48	929	4.74356
49	3	3.77942
49	5	4.13282
49	17	4.13074
49	23	4.09911
49	38	3.80401
49	55	3.77942
49	83	3.81106
49	93	4.19068
49	119	3.91188
49	128	3.91188
49	141	4.21543
49	155	4.21527
49	166	0.71863
49	225	4.30356
49	231	5.21111
50	19	3.61039
50	46	3.64405
50	51	3.35346
50	61	3.62904
50	143	3.73923
50	147	3.72661
50	161	4.12649
50	174	3.55241
50	178	3.82967
50	187	3.82726
50	194	3.55241
50	212	3.83646
50	247	3.92889
50	269	3.92889
50	664	6.08443
51	46	3.68265
51	50	3.35346
51	61	3.66763
51	62	3.63925
51	82	3.67307
51	143	3.77783
51	147	3.76521
51	174	3.59101
51	178	3.86826
51	187	3.86586
51	194	3.59101
51	212	3.87506
51	247	3.96749
51	269	3.96749
51	314	8.28191
52	15	3.44347
52	27	3.4751
52	37	3.46562
52	53	3.73148
52	59	3.46562
52	78	3.44347
52	118	3.57939
52	154	3.85473
52	179	3.97107
52	182	3.97107
52	189	3.97107
52	203	3.97107
52	223	3.97107
52	229	3.97107
52	516	5.80261
53	15	3.69984
53	27	3.73148
53	52	3.73148
53	78	3.69984
53	118	3.83576
53	146	4.1111
53	154	4.1111
53	179	4.22744
53	182	4.22744
53	189	4.22744
53	203	4.22744
53	223	4.22744
53	229	4.22744
53	671	0.735751
53	704	5.21537
54	33	3.15107
54	47	3.38235
54	88	3.56407
54	89	3.53069
54	95	3.84965
54	150	3.87777
54	152	3.8526
54	169	3.66498
54	183	3.66498
54	206	3.95776
54	211	3.66498
54	232	4.04146
54	235	4.04146
54	281	4.04146
54	476	5.77509
55	2	3.48486
55	5	3.81371
55	13	3.80472
55	17	3.81164
55	23	3.78
55	38	3.48491
55	49	3.77942
55	83	3.49195
55	93	3.87157
55	119	3.59277
55	128	3.59277
55	141	3.89633
55	155	3.89617
55	225	3.98445
55	936	5.7978
56	517	2.2847
56	518	4.82326
56	652	1.09813
56	725	3.17634
56	768	3.52106
56	772	3.52381
56	779	3.66061
56	861	4.25855
56	867	4.39747
56	900	4.40567
56	916	4.61141
56	919	4.61141
56	921	4.61141
56	922	4.61141
56	931	4.61141
57	324	1.89193
57	540	2.75496
57	648	2.92148
57	685	3.36176
57	712	3.49716
57	742	3.42033
57	780	5.878
57	798	3.69752
57	805	4.05897
57	863	4.37994
57	865	4.41729
57	870	4.36135
57	874	4.37837
57	880	4.42044
57	905	4.72376
58	104	3.31612
58	129	3.54269
58	140	3.5942
58	202	3.65238
58	207	3.42233
58	231	3.76208
58	257	3.77101
58	273	3.79852
58	286	3.81119
58	298	3.79694
58	340	3.86772
58	368	3.98337
58	370	3.98337
58	384	5.88402
58	409	3.98337
59	15	3.43399
59	27	3.46562
59	37	3.45614
59	52	3.46562
59	78	3.43399
59	118	3.56991
59	146	3.84524
59	154	3.84524
59	179	3.96159
59	182	3.96159
59	189	3.96159
59	203	3.96159
59	223	3.96159
59	229	3.96159
59	802	5.81032
60	376	2.78296
60	473	3.41577
60	579	3.82024
60	603	3.85424
60	636	3.84209
60	646	4.02213
60	656	3.99238
60	657	4.06829
60	674	3.89487
60	675	4.10645
60	680	4.10009
60	710	4.294
60	723	4.294
60	738	4.58075
60	896	3.2233
61	19	3.92456
61	50	3.62904
61	51	3.66763
61	62	3.91482
61	143	4.0534
61	161	4.44066
61	174	3.86658
61	178	4.14383
61	187	4.14143
61	194	3.86658
61	212	4.15063
61	247	4.24306
61	257	3.00638
61	269	4.24306
61	542	2.63466
62	46	3.92983
62	51	3.63925
62	61	3.91482
62	82	3.92025
62	147	4.01239
62	161	4.41227
62	174	3.83819
62	178	4.11545
62	187	4.11304
62	194	3.83819
62	212	4.12225
62	247	4.21467
62	269	4.21467
62	570	2.25908
62	816	3.5018
63	108	1.58555
63	175	1.70069
63	250	1.89138
63	622	3.23247
63	687	3.61336
63	690	3.90358
63	715	3.70088
63	778	4.00248
63	819	4.41759
63	828	4.68034
63	853	5.89502
63	859	4.6009
63	864	4.8191
63	907	5.04793
63	920	5.08903
64	769	5.67789
64	834	2.78843
64	875	2.89743
64	903	3.20483
64	939	3.41552
64	948	3.55036
64	983	3.94505
64	985	3.87922
64	986	4.02668
64	988	3.90668
64	992	4.09873
64	993	4.09326
64	994	4.18998
64	995	4.09912
64	999	4.18998
65	25	2.96857
65	263	3.41392
65	365	3.54481
65	407	3.63248
65	421	4.3134
65	425	3.67787
65	495	3.77682
65	525	3.91193
65	578	4.29443
65	586	1.45343
65	602	4.25896
65	661	4.57413
65	714	4.74378
65	717	4.74378
65	728	4.74378
66	33	3.44742
66	47	3.67871
66	88	3.86043
66	89	3.82705
66	95	4.146
66	150	4.17412
66	169	3.96133
66	183	3.96133
66	206	4.25411
66	211	3.96133
66	232	4.33781
66	235	4.33781
66	281	4.33781
66	766	3.30113
66	846	2.62504
67	138	3.65588
67	230	3.83216
67	233	3.80208
67	261	3.78173
67	289	3.61856
67	336	3.92646
67	347	3.89741
67	362	4.05924
67	443	4.13867
67	462	4.14996
67	470	4.24969
67	502	4.58672
67	520	4.58672
67	904	5.9751
67	905	0.109887
68	33	3.44742
68	47	3.67871
68	88	3.86043
68	89	3.82705
68	95	4.146
68	150	4.17412
68	169	3.96133
68	183	3.96133
68	206	4.25411
68	211	3.96133
68	232	4.33781
68	235	4.33781
68	281	4.33781
68	625	3.4072
68	914	2.45926
69	26	3.39593
69	39	3.39593
69	72	3.38931
69	75	3.39542
69	86	3.8065
69	181	3.89199
69	197	3.92132
69	198	3.89199
69	200	3.89195
69	204	3.6351
69	221	3.6351
69	234	4.01158
69	256	4.01158
69	296	4.01158
69	783	5.8214
70	156	2.06464
70	182	5.76338
70	479	3.01569
70	507	3.35734
70	572	3.24659
70	691	3.89132
70	692	3.8846
70	695	3.9714
70	702	3.96241
70	705	3.88512
70	720	4.04371
70	749	4.08735
70	761	4.20008
70	762	4.20008
70	782	4.47495
71	135	3.46335
71	149	3.47395
71	177	3.31601
71	199	3.52866
71	219	3.55375
71	244	5.55734
71	277	3.64602
71	314	3.54316
71	402	3.90268
71	405	3.84407
71	406	3.87703
71	439	3.97519
71	447	3.99046
71	474	4.07398
71	501	4.09696
72	26	3.35073
72	39	3.35073
72	69	3.38931
72	170	3.84955
72	181	3.84679
72	195	3.84955
72	197	3.87612
72	198	3.84679
72	200	3.84676
72	204	3.5899
72	221	3.5899
72	234	3.96638
72	256	3.96638
72	296	3.96638
72	672	5.79485
73	350	3.03688
73	358	2.86063
73	401	2.87513
73	566	3.34329
73	568	3.68836
73	582	3.7505
73	598	3.70411
73	634	3.70834
73	667	3.75326
73	733	4.14748
73	744	4.23416
73	757	4.35607
73	781	4.41353
73	783	4.41353
73	818	5.78534
74	268	3.15437
74	440	3.5218
74	451	3.48279
74	473	3.68277
74	533	3.60219
74	556	3.76461
74	580	5.99087
74	636	4.1091
74	646	4.28913
74	657	4.3353
74	675	4.37346
74	710	4.561
74	723	4.561
74	738	4.84775
74	837	0.0627246
75	26	3.35684
75	39	3.35684
75	69	3.39542
75	86	3.76741
75	170	3.85565
75	181	3.8529
75	195	3.85565
75	197	3.88222
75	198	3.8529
75	204	3.596
75	221	3.596
75	234	3.97249
75	256	3.97249
75	296	3.97249
75	423	5.80897
76	22	3.1033
76	209	3.62762
76	214	3.32691
76	224	3.32185
76	283	3.77897
76	287	3.73361
76	294	3.70039
76	318	3.8606
76	341	3.84933
76	363	3.91384
76	416	3.95359
76	423	4.03842
76	424	4.03842
76	450	4.03842
76	696	6.00316
77	6	3.30573
77	12	3.31104
77	240	3.83395
77	244	3.73526
77	344	3.8046
77	374	3.99004
77	379	3.90759
77	413	3.96813
77	514	4.29783
77	552	4.37368
77	560	4.37368
77	571	4.69187
77	576	4.69187
77	699	3.1133
77	844	2.7356
78	27	3.44347
78	37	3.43399
78	52	3.44347
78	53	3.69984
78	59	3.43399
78	118	3.54775
78	146	3.82309
78	154	3.82309
78	179	3.93943
78	182	3.93943
78	189	3.93943
78	203	3.93943
78	223	3.93943
78	229	3.93943
78	587	5.76126
79	35	3.17044
79	42	3.40163
79	145	3.56142
79	160	3.67646
79	275	3.78999
79	276	3.76622
79	279	3.7375
79	305	3.85626
79	319	3.5972
79	332	3.87064
79	334	3.8589
79	373	3.97476
79	414	3.96953
79	461	4.05433
79	991	5.88005
80	133	3.13395
80	158	3.05852
80	301	3.36284
80	366	3.53021
80	431	3.66036
80	436	3.69849
80	472	3.82284
80	475	3.75726
80	505	3.81097
80	506	3.8491
80	542	3.95384
80	547	4.22771
80	563	3.97741
80	643	4.44179
80	882	5.80458
81	807	3.1274
81	827	3.19311
81	846	3.49194
81	863	0.0814292
81	891	3.79638
81	892	3.82307
81	913	6.02307
81	927	4.0731
81	943	4.17454
81	957	4.40101
81	958	4.30123
81	960	4.31726
81	963	4.40839
81	970	4.54493
81	981	4.63292
82	19	3.93
82	46	3.96366
82	51	3.67307
82	62	3.92025
82	143	4.05884
82	147	4.04622
82	174	3.87202
82	178	4.14927
82	187	4.14687
82	194	3.87202
82	212	4.15607
82	247	4.2485
82	269	4.2485
82	877	4.21321
82	898	1.59177
83	2	3.5165
83	3	3.49195
83	5	3.84535
83	13	3.83635
83	17	3.84327
83	23	3.81164
83	38	3.51654
83	49	3.81106
83	55	3.49195
83	119	3.62441
83	128	3.62441
83	141	3.92796
83	155	3.9278
83	225	4.01609
83	906	5.83141
84	7	3.23567
84	124	3.33718
84	138	3.40217
84	230	3.57845
84	233	3.54837
84	289	3.36485
84	359	3.77863
84	362	3.80554
84	389	3.79119
84	443	3.88497
84	462	3.89625
84	470	3.99599
84	502	4.33301
84	520	4.33301
84	782	5.72264
85	173	1.77694
85	218	6.41517
85	308	1.94297
85	427	2.31601
85	557	2.75348
85	558	2.93259
85	700	3.61094
85	750	3.91995
85	821	4.40059
85	836	4.42679
85	873	4.78837
85	876	4.67463
85	885	4.85752
85	902	4.99677
85	911	4.97773
85	929	5.22472
86	26	3.76792
86	39	3.76792
86	69	3.8065
86	75	3.76741
86	170	4.26674
86	181	4.26398
86	195	4.26674
86	198	4.26398
86	200	4.26394
86	204	4.00709
86	221	4.00709
86	234	4.38357
86	256	4.38357
86	296	4.38357
86	510	1.37768
86	671	5.08913
87	16	3.77763
87	144	4.17956
87	145	3.91257
87	160	4.02761
87	254	4.12117
87	275	4.14115
87	279	4.08865
87	305	4.20741
87	312	3.93376
87	319	3.94835
87	334	4.21005
87	373	4.32591
87	414	4.32069
87	461	4.40548
87	528	0.00443127
87	829	6.38073
88	33	3.27136
88	47	3.50265
88	54	3.56407
88	66	3.86043
88	68	3.86043
88	89	3.65099
88	150	3.99806
88	152	3.9729
88	169	3.78527
88	183	3.78527
88	206	4.07805
88	211	3.78527
88	232	4.16175
88	235	4.16175
88	281	4.16175
88	781	6.44691
89	33	3.23799
89	54	3.53069
89	66	3.82705
89	68	3.82705
89	88	3.65099
89	95	3.93656
89	150	3.96468
89	152	3.93952
89	169	3.75189
89	183	3.75189
89	206	4.04467
89	211	3.75189
89	232	4.12838
89	235	4.12838
89	281	4.12838
89	307	6.28434
90	187	0.792785
90	278	3.10705
90	350	3.40468
90	398	3.2862
90	550	3.74776
90	554	3.77728
90	582	4.1183
90	666	4.29496
90	676	4.34103
90	677	4.11898
90	679	5.259
90	733	4.51528
90	744	4.60196
90	757	4.72387
90	781	4.78133
90	783	4.78133
91	153	3.13548
91	171	3.51879
91	172	3.5678
91	383	4.15204
91	431	4.06418
91	446	4.0437
91	472	4.22667
91	475	4.16109
91	503	4.26126
91	506	4.25293
91	542	4.35766
91	547	4.63153
91	563	4.38123
91	643	4.84562
91	757	5.03148
91	994	1.36692
92	94	2.88969
92	97	3.04165
92	213	2.86783
92	335	2.91045
92	400	3.35275
92	516	3.95674
92	519	4.08214
92	595	4.07895
92	609	4.19626
92	621	4.00623
92	642	4.28931
92	650	4.42334
92	651	4.01813
92	746	4.84017
92	747	4.64638
92	962	6.40817
93	2	3.89612
93	3	3.87157
93	5	4.22497
93	13	4.21598
93	17	4.2229
93	23	4.19126
93	38	3.89617
93	49	4.19068
93	55	3.87157
93	119	4.00403
93	128	4.00403
93	141	4.30758
93	155	4.30742
93	225	4.39571
93	397	5.11557
93	796	1.33961
94	92	2.88969
94	313	3.25072
94	315	3.6188
94	335	3.26496
94	417	3.66058
94	429	3.83476
94	463	3.73847
94	537	4.82029
94	609	4.55077
94	642	4.64382
94	650	4.77785
94	651	4.37264
94	703	4.80135
94	746	5.19468
94	747	5.00089
94	767	1.75253
95	33	3.55694
95	47	3.78822
95	54	3.84965
95	66	4.146
95	68	4.146
95	89	3.93656
95	152	4.25847
95	169	4.07085
95	183	4.07085
95	206	4.36363
95	211	4.07085
95	232	4.44733
95	235	4.44733
95	281	4.44733
95	608	2.40224
95	737	4.2564
96	43	3.10636
96	133	3.31385
96	158	3.23842
96	187	6.21649
96	216	3.34152
96	366	3.71011
96	431	3.84026
96	436	3.87839
96	446	3.81978
96	472	4.00275
96	503	4.03734
96	505	3.99088
96	542	4.13374
96	547	4.40761
96	563	4.15731
96	643	4.62169
97	30	2.75199
97	92	3.04165
97	213	3.37431
97	313	3.40269
97	335	3.41693
97	394	3.78448
97	484	4.10229
97	516	4.46322
97	621	4.51271
97	642	4.79579
97	650	4.92982
97	651	4.52461
97	673	0.103779
97	746	5.34665
97	747	5.15286
97	913	6.58808
98	378	3.0208
98	420	3.23633
98	532	3.37264
98	610	3.63488
98	691	4.26475
98	692	4.25803
98	695	4.34483
98	702	4.33585
98	705	4.25855
98	706	0.86773
98	720	4.41714
98	749	4.46079
98	761	4.57352
98	762	4.57352
98	782	4.84838
98	982	5.59986
99	100	2.88898
99	117	2.85609
99	394	3.64443
99	417	3.67249
99	429	3.84668
99	463	3.75039
99	484	3.96223
99	492	4.24457
99	504	2.19304
99	516	4.32317
99	519	4.44857
99	650	4.78977
99	651	4.38456
99	703	4.81326
99	746	5.2066
99	747	5.0128
100	99	2.88898
100	233	3.81838
100	313	2.88359
100	315	3.25167
100	394	3.26538
100	400	3.34013
100	429	3.46763
100	516	3.94412
100	519	4.06952
100	609	4.18364
100	621	3.99361
100	650	4.41072
100	651	4.00551
100	703	4.43421
100	746	4.82755
100	747	4.63376
101	583	2.6522
101	640	2.9013
101	657	6.51056
101	670	2.83688
101	753	3.40781
101	764	3.53941
101	767	3.53902
101	768	3.49504
101	779	3.63459
101	867	4.37146
101	882	4.29528
101	916	4.5854
101	919	4.5854
101	921	4.5854
101	922	4.5854
101	931	4.5854
102	126	1.73083
102	435	2.79634
102	616	3.34801
102	632	3.23065
102	635	3.40246
102	639	3.55696
102	681	3.70665
102	683	3.89868
102	752	4.11066
102	791	4.39785
102	802	4.33025
102	838	4.74639
102	839	4.80821
102	841	4.59345
102	843	6.72327
102	869	4.94261
103	1	2.92921
103	106	3.26503
103	217	3.22071
103	236	3.55133
103	240	3.69945
103	244	3.60076
103	246	3.56596
103	374	3.85554
103	379	3.77309
103	514	4.16333
103	528	4.38247
103	552	4.23918
103	560	4.23918
103	571	4.55737
103	576	4.55737
103	971	6.39562
104	58	3.31612
104	127	3.69798
104	139	3.38734
104	140	3.72177
104	166	3.76627
104	202	3.77995
104	207	3.5499
104	257	3.89859
104	273	3.9261
104	286	3.93877
104	298	3.92451
104	368	4.11094
104	370	4.11094
104	403	4.3599
104	409	4.11094
104	498	5.15946
105	148	3.47018
105	162	3.61621
105	192	3.34366
105	213	1.63863
105	285	3.72371
105	306	4.08673
105	375	3.90772
105	391	3.97438
105	410	3.96336
105	494	4.25117
105	535	4.76154
105	559	4.62568
105	569	4.44856
105	628	4.78728
105	630	4.54961
105	658	4.85176
106	12	3.39613
106	103	3.26503
106	240	3.91904
106	244	3.82034
106	246	3.78555
106	342	6.2246
106	344	3.88968
106	374	4.07513
106	379	3.99268
106	514	4.38292
106	528	4.60206
106	552	4.45876
106	560	4.45876
106	571	4.77696
106	576	4.77696
106	935	0.330286
107	24	3.87985
107	36	3.95587
107	110	4.01976
107	116	4.04132
107	157	3.72927
107	180	3.85857
107	258	3.96832
107	259	4.21751
107	262	4.25043
107	284	4.25043
107	288	4.23649
107	293	4.52976
107	331	4.33122
107	342	4.33122
107	872	5.01582
107	977	1.40604
108	63	1.58555
108	690	3.71347
108	771	3.87187
108	778	3.81236
108	788	3.97122
108	799	4.04895
108	819	4.22747
108	828	4.49023
108	847	4.51021
108	851	4.48839
108	859	4.41079
108	895	4.71276
108	907	4.85781
108	919	2.514
108	920	4.89892
108	921	3.87368
109	36	3.7013
109	44	3.6872
109	110	3.76519
109	116	3.78675
109	120	3.50205
109	157	3.4747
109	180	3.604
109	258	3.71375
109	259	3.96294
109	262	3.99586
109	284	3.99586
109	288	3.98192
109	293	4.27519
109	331	4.07665
109	342	4.07665
109	462	4.50706
110	24	3.91253
110	44	3.97445
110	107	4.01976
110	109	3.76519
110	120	3.78931
110	157	3.76195
110	258	4.001
110	259	4.25019
110	262	4.28311
110	284	4.28311
110	288	4.26917
110	293	4.56244
110	331	4.3639
110	342	4.3639
110	910	5.8427
110	946	0.656293
111	622	6.08441
111	678	0.260923
111	818	3.28403
111	835	3.64844
111	842	3.53687
111	879	3.78764
111	891	3.93231
111	896	3.87514
111	925	4.12791
111	927	4.20902
111	944	4.3143
111	958	4.43715
111	960	4.45318
111	963	4.54431
111	970	4.68085
111	981	4.76884
112	350	3.26081
112	428	3.23598
112	432	3.23912
112	441	3.26879
112	509	3.46171
112	550	3.60389
112	554	3.63342
112	566	3.56723
112	582	3.97443
112	666	4.15109
112	667	3.9772
112	682	6.40649
112	733	4.37142
112	757	4.58
112	781	4.63746
112	783	4.63746
113	10	3.16157
113	135	3.60239
113	149	3.61299
113	177	3.45505
113	199	3.6677
113	266	3.57216
113	277	3.78506
113	371	3.97578
113	396	3.99298
113	402	4.04171
113	405	3.98311
113	439	4.11423
113	474	4.21302
113	482	4.18626
113	501	4.236
113	649	6.49471
114	358	0.354659
114	518	6.20715
114	567	2.88191
114	687	3.31722
114	715	3.40475
114	788	3.8652
114	799	3.94293
114	819	4.12145
114	833	4.34153
114	851	4.38237
114	859	4.30477
114	862	4.36349
114	864	4.52297
114	895	4.60674
114	907	4.75179
114	920	4.79289
115	385	6.51025
115	575	0.00389444
115	878	3.39718
115	914	3.65654
115	918	3.97412
115	945	3.9796
115	952	4.2061
115	954	4.30932
115	955	4.09774
115	956	4.21137
115	959	4.17809
115	965	4.19484
115	968	4.3075
115	972	4.32531
115	973	4.32994
115	978	4.43236
116	36	4.01011
116	44	3.99602
116	107	4.04132
116	109	3.78675
116	120	3.81087
116	157	3.78352
116	180	3.91281
116	258	4.02256
116	259	4.27175
116	262	4.30468
116	272	7.63675
116	284	4.30468
116	293	4.584
116	331	4.38546
116	342	4.38546
116	548	2.83687
117	99	2.85609
117	228	2.88183
117	315	3.21878
117	394	3.23249
117	417	3.26055
117	484	3.55029
117	519	4.03663
117	595	4.03343
117	609	4.15074
117	621	3.96072
117	642	4.2438
117	650	4.37783
117	703	4.40132
117	746	4.79465
117	747	4.60086
117	982	6.43823
118	15	3.54775
118	27	3.57939
118	37	3.56991
118	52	3.57939
118	53	3.83576
118	59	3.56991
118	78	3.54775
118	146	3.95901
118	154	3.95901
118	179	4.07535
118	182	4.07535
118	189	4.07535
118	203	4.07535
118	223	4.07535
118	229	4.07535
118	999	6.38612
119	2	3.61732
119	3	3.59277
119	5	3.94617
119	13	3.93718
119	17	3.94409
119	23	3.91246
119	38	3.61737
119	49	3.91188
119	55	3.59277
119	83	3.62441
119	93	4.00403
119	128	3.72523
119	141	4.02878
119	155	4.02862
119	225	4.11691
119	876	6.68973
120	24	3.6494
120	36	3.72542
120	44	3.71132
120	109	3.50205
120	110	3.78931
120	116	3.81087
120	157	3.49882
120	180	3.62812
120	258	3.73787
120	262	4.01998
120	284	4.01998
120	288	4.00604
120	293	4.2993
120	331	4.10077
120	342	4.10077
120	490	7.05475
121	498	5.15946
121	570	2.39552
121	622	2.72021
121	690	3.39132
121	771	3.54972
121	778	3.49021
121	799	3.7268
121	819	3.90532
121	828	4.16808
121	847	4.18807
121	851	4.16624
121	859	4.08864
121	864	4.30684
121	895	4.39061
121	907	4.53566
121	920	4.57677
122	156	2.39756
122	303	2.48435
122	381	2.89851
122	479	3.34862
122	610	3.59436
122	619	4.02735
122	626	3.6679
122	682	4.11313
122	695	4.30432
122	702	4.29534
122	705	4.21804
122	720	4.37663
122	761	4.53301
122	762	4.53301
122	782	4.80787
122	828	6.36327
123	814	2.86647
123	835	3.37801
123	842	3.26643
123	871	3.47179
123	879	3.51721
123	884	3.68801
123	925	3.85747
123	927	3.93858
123	943	4.04002
123	944	4.04386
123	953	6.5097
123	958	4.16671
123	960	4.18274
123	963	4.27387
123	970	4.41042
123	981	4.4984
124	84	3.33718
124	196	3.60236
124	230	3.98173
124	233	3.95164
124	289	3.76812
124	336	4.07603
124	347	4.04698
124	359	4.1819
124	389	4.19446
124	443	4.28824
124	462	4.29952
124	470	4.39926
124	502	4.73629
124	520	4.73629
124	876	6.74847
124	884	0.263572
125	25	3.23715
125	239	3.41862
125	327	3.68076
125	339	3.64695
125	364	3.79199
125	365	3.81339
125	407	3.90106
125	425	3.94645
125	445	4.10332
125	525	4.18051
125	572	2.59772
125	661	4.84271
125	714	5.01236
125	717	5.01236
125	728	5.01236
125	927	3.84972
126	102	1.73083
126	452	2.7265
126	455	2.6952
126	616	3.32361
126	655	3.81514
126	668	3.70902
126	683	3.87427
126	719	3.96684
126	752	4.08625
126	791	4.37345
126	802	4.30584
126	838	4.72198
126	839	4.78381
126	841	4.56905
126	869	4.9182
126	957	6.37267
127	104	3.69798
127	129	3.92455
127	139	3.64163
127	166	4.02056
127	202	4.03424
127	207	3.80419
127	231	4.14395
127	273	4.18039
127	286	4.19306
127	340	4.24958
127	368	4.36523
127	370	4.36523
127	403	4.61419
127	409	4.36523
127	711	0.537792
127	991	5.98368
128	2	3.61732
128	3	3.59277
128	5	3.94617
128	13	3.93718
128	17	3.94409
128	23	3.91246
128	38	3.61737
128	49	3.91188
128	55	3.59277
128	83	3.62441
128	93	4.00403
128	119	3.72523
128	141	4.02878
128	155	4.02862
128	225	4.11691
128	233	3.81838
129	58	3.54269
129	127	3.92455
129	140	3.94834
129	166	3.99284
129	207	3.77647
129	257	4.12516
129	273	4.15267
129	286	4.16534
129	298	4.15108
129	340	4.22186
129	368	4.33751
129	370	4.33751
129	403	4.58647
129	409	4.33751
129	622	4.35291
129	693	1.98337
130	263	3.51224
130	267	0.11932
130	327	3.5105
130	365	3.64313
130	407	3.7308
130	425	3.77619
130	433	3.75955
130	448	3.75348
130	525	4.01025
130	602	4.35728
130	647	4.34783
130	661	4.67245
130	714	4.8421
130	717	4.8421
130	728	4.8421
130	888	6.23295
131	278	3.02539
131	350	3.32301
131	554	3.69562
131	568	3.9745
131	582	4.03664
131	641	6.24317
131	666	4.2133
131	667	4.0394
131	676	4.25937
131	677	4.03731
131	733	4.43362
131	744	4.5203
131	757	4.64221
131	781	4.69967
131	783	4.69967
131	981	0.236135
132	9	3.7081
132	209	3.93051
132	224	3.62475
132	235	5.21654
132	241	1.30821
132	283	4.08186
132	294	4.00328
132	318	4.16349
132	341	4.15222
132	363	4.21673
132	377	4.21932
132	390	4.21932
132	416	4.25648
132	423	4.34131
132	424	4.34131
132	450	4.34131
133	80	3.13395
133	96	3.31385
133	216	3.67138
133	301	3.8726
133	366	4.03997
133	431	4.17012
133	436	4.20825
133	472	4.33261
133	475	4.26703
133	503	4.3672
133	505	4.32074
133	542	4.4636
133	563	4.48717
133	643	4.95155
133	699	5.20596
133	972	1.21254
134	730	2.31997
134	769	2.74346
134	824	3.06168
134	826	2.95066
134	840	3.26554
134	878	6.41383
134	934	3.95533
134	947	3.95014
134	950	4.056
134	969	4.178
134	982	4.41739
134	987	4.46208
134	990	4.55145
134	991	4.62878
134	996	4.50197
134	997	4.55756
135	71	3.46335
135	113	3.60239
135	152	0.386007
135	157	6.4
135	193	3.63505
135	266	3.85112
135	277	4.06401
135	314	3.96115
135	371	4.25473
135	396	4.27194
135	402	4.32067
135	406	4.29502
135	447	4.40845
135	474	4.49197
135	482	4.46521
135	501	4.51495
136	4	2.69639
136	496	3.39353
136	574	3.73301
136	611	3.70667
136	613	6.49959
136	671	4.24544
136	698	4.32601
136	706	4.3246
136	707	4.31139
136	721	4.42645
136	722	4.38626
136	729	4.38626
136	732	4.38626
136	745	4.49855
136	755	4.77917
136	932	0.0241893
137	180	7.00928
137	765	2.98039
137	769	3.02048
137	785	0.0149742
137	824	3.3387
137	845	3.41133
137	906	3.78862
137	924	3.91817
137	950	4.33303
137	961	4.34021
137	979	4.46671
137	982	4.69441
137	987	4.7391
137	990	4.82847
137	991	4.9058
137	997	4.83458
138	7	3.70394
138	67	3.65588
138	84	3.40217
138	167	3.26402
138	196	3.66736
138	261	3.99629
138	289	3.83312
138	336	4.14103
138	359	4.24689
138	362	4.2738
138	389	4.25946
138	443	4.35324
138	470	4.46426
138	502	4.80128
138	520	4.80128
138	753	3.29895
139	104	3.38734
139	127	3.64163
139	140	3.66542
139	166	3.70992
139	207	3.49355
139	231	3.83331
139	257	3.84224
139	273	3.86975
139	286	3.88242
139	298	3.86816
139	340	3.93894
139	356	6.42314
139	368	4.05459
139	370	4.05459
139	403	4.30355
139	409	4.05459
140	58	3.5942
140	104	3.72177
140	129	3.94834
140	139	3.66542
140	207	3.82798
140	231	4.16774
140	257	4.17667
140	286	4.21685
140	298	4.20259
140	340	4.27338
140	368	4.38902
140	370	4.38902
140	403	4.63798
140	409	4.38902
140	571	2.5129
140	768	3.8913
141	2	3.92087
141	3	3.89633
141	13	4.24073
141	17	4.24765
141	23	4.21601
141	38	3.92092
141	49	4.21543
141	55	3.89633
141	83	3.92796
141	93	4.30758
141	119	4.02878
141	128	4.02878
141	155	4.33217
141	225	4.42046
141	370	2.36247
141	400	4.0398
142	321	2.33592
142	543	3.1293
142	699	3.79987
142	709	3.95794
142	724	4.00558
142	773	4.12777
142	793	4.33827
142	806	4.46886
142	820	4.41716
142	823	4.69691
142	825	4.51689
142	829	4.51689
142	830	4.51689
142	837	4.77176
142	896	6.1689
142	911	0.345811
143	19	4.03475
143	46	4.06841
143	50	3.73923
143	51	3.77783
143	61	4.0534
143	82	4.05884
143	147	4.15098
143	161	4.55085
143	174	3.97677
143	178	4.25403
143	187	4.25162
143	194	3.97677
143	247	4.35326
143	269	4.35326
143	493	1.0631
143	740	5.32869
144	16	4.10129
144	87	4.17956
144	160	4.35127
144	254	4.44483
144	275	4.4648
144	276	4.44103
144	305	4.53106
144	312	4.25742
144	319	4.27201
144	334	4.5337
144	373	4.64957
144	414	4.64434
144	461	4.72913
144	767	3.53233
144	893	2.34918
144	902	0.736646
145	35	3.57826
145	79	3.56142
145	87	3.91257
145	254	4.17784
145	275	4.19781
145	279	4.14532
145	305	4.26408
145	312	3.99043
145	319	4.00502
145	332	4.27846
145	334	4.26672
145	373	4.38258
145	414	4.37735
145	461	4.46215
145	475	4.62729
145	653	1.5588
146	15	3.82309
146	27	3.85473
146	37	3.84524
146	53	4.1111
146	59	3.84524
146	78	3.82309
146	118	3.95901
146	154	4.23435
146	179	4.35069
146	182	4.35069
146	189	4.35069
146	203	4.35069
146	223	4.35069
146	229	4.35069
146	337	2.2418
146	603	3.87452
147	19	4.02213
147	50	3.72661
147	51	3.76521
147	62	4.01239
147	82	4.04622
147	143	4.15098
147	161	4.53823
147	174	3.96415
147	178	4.24141
147	187	4.23901
147	194	3.96415
147	212	4.24821
147	247	4.34064
147	269	4.34064
147	441	2.25384
147	656	4.18289
148	105	3.47018
148	188	3.56587
148	333	4.07297
148	338	3.76028
148	348	3.78372
148	376	3.84294
148	410	3.86149
148	481	4.02925
148	494	4.1493
148	508	4.38342
148	559	4.52381
148	569	4.34669
148	628	4.68541
148	630	4.44774
148	658	4.74989
148	802	2.33862
149	10	3.45112
149	71	3.47395
149	113	3.61299
149	219	3.98234
149	266	3.86171
149	314	3.97174
149	396	4.28253
149	402	4.33126
149	406	4.30562
149	413	4.40519
149	439	4.40378
149	447	4.41905
149	474	4.50256
149	482	4.47581
149	501	4.52555
149	805	1.99386
150	33	3.58506
150	47	3.81634
150	54	3.87777
150	66	4.17412
150	68	4.17412
150	88	3.99806
150	89	3.96468
150	152	4.28659
150	169	4.09897
150	183	4.09897
150	211	4.09897
150	232	4.47545
150	235	4.47545
150	281	4.47545
150	848	0.00254577
150	894	6.70044
151	497	2.51981
151	593	2.96285
151	685	3.39208
151	689	3.39612
151	712	3.52748
151	742	3.45065
151	786	3.7721
151	804	3.77687
151	805	4.08929
151	848	4.24135
151	863	4.41026
151	865	4.44761
151	874	4.40869
151	880	4.45076
151	905	4.75408
151	938	6.39636
152	33	3.55989
152	47	3.79118
152	54	3.8526
152	88	3.9729
152	89	3.93952
152	95	4.25847
152	135	0.386007
152	150	4.28659
152	169	4.0738
152	183	4.0738
152	206	4.36658
152	211	4.0738
152	232	4.45029
152	235	4.45029
152	281	4.45029
152	598	5.85049
153	91	3.13548
153	172	3.27144
153	216	3.26909
153	383	3.85569
153	431	3.76783
153	436	3.80596
153	446	3.74735
153	472	3.93032
153	475	3.86474
153	503	3.96491
153	506	3.95658
153	542	4.06131
153	547	4.33518
153	563	4.08488
153	643	4.54926
153	966	6.40604
154	15	3.82309
154	37	3.84524
154	52	3.85473
154	53	4.1111
154	59	3.84524
154	78	3.82309
154	118	3.95901
154	146	4.23435
154	179	4.35069
154	182	4.35069
154	189	4.35069
154	203	4.35069
154	223	4.35069
154	229	4.35069
154	819	4.61358e-05
154	971	6.39762
155	2	3.92071
155	3	3.89617
155	5	4.24956
155	13	4.24057
155	23	4.21585
155	38	3.92076
155	49	4.21527
155	55	3.89617
155	83	3.9278
155	93	4.30742
155	119	4.02862
155	128	4.02862
155	141	4.33217
155	225	4.4203
155	460	1.52506
155	985	4.80881
156	70	2.06464
156	122	2.39756
156	328	2.6643
156	479	3.36115
156	610	3.6069
156	626	3.68043
156	691	4.23678
156	692	4.23005
156	695	4.31685
156	702	4.30787
156	720	4.38916
156	749	4.43281
156	761	4.54554
156	762	4.54554
156	782	4.8204
156	948	6.39628
157	36	3.69806
157	107	3.72927
157	109	3.4747
157	110	3.76195
157	116	3.78352
157	120	3.49882
157	135	6.4
157	180	3.60076
157	258	3.71051
157	259	3.9597
157	262	3.99262
157	284	3.99262
157	288	3.97868
157	293	4.27195
157	331	4.07341
157	342	4.07341
158	80	3.05852
158	96	3.23842
158	172	3.59831
158	226	2.9229
158	366	3.96454
158	436	4.13283
158	472	4.25718
158	475	4.1916
158	503	4.29177
158	505	4.24531
158	506	4.28344
158	542	4.38817
158	547	4.66204
158	563	4.41174
158	643	4.87613
158	687	3.45519
159	239	3.36908
159	263	3.63296
159	327	3.63122
159	407	3.85152
159	433	3.88028
159	445	4.05377
159	448	3.8742
159	495	3.99586
159	525	4.13097
159	578	4.51347
159	647	4.46855
159	654	0.00152501
159	661	4.79317
159	714	4.96282
159	717	4.96282
159	728	4.96282
159	779	7.08739
160	35	3.6933
160	42	3.9245
160	79	3.67646
160	87	4.02761
160	144	4.35127
160	254	4.29289
160	276	4.28909
160	279	4.26037
160	312	4.10548
160	319	4.12007
160	332	4.39351
160	334	4.38176
160	373	4.49763
160	414	4.4924
160	461	4.57719
160	625	3.85402
160	780	3.2716
161	19	4.42201
161	46	4.45567
161	50	4.12649
161	61	4.44066
161	62	4.41227
161	143	4.55085
161	147	4.53823
161	174	4.36403
161	178	4.64129
161	187	4.63888
161	194	4.36403
161	212	4.64808
161	247	4.74051
161	269	4.74051
161	538	0.303489
161	639	4.10748
161	952	2.73056
162	105	3.61621
162	188	3.7119
162	280	3.82959
162	348	3.92975
162	376	3.98897
162	391	4.01854
162	397	3.98998
162	410	4.00752
162	481	4.17528
162	494	4.29533
162	508	4.52945
162	556	7.16176
162	559	4.66984
162	628	4.83145
162	630	4.59378
162	658	4.89593
162	679	0.00405052
163	253	2.76263
163	311	3.07625
163	488	3.29306
163	523	3.36477
163	587	3.60528
163	608	3.67663
163	617	3.73684
163	665	4.05333
163	684	4.08314
163	727	4.29387
163	736	4.31898
163	737	4.40502
163	754	4.36246
163	760	4.64762
163	784	4.5331
163	810	4.87054
163	911	7.04841
164	237	2.161
164	466	2.97478
164	632	3.23311
164	635	3.40492
164	655	3.84201
164	668	3.73589
164	681	3.70911
164	683	3.90114
164	752	4.11312
164	759	4.17492
164	791	4.40031
164	802	4.33271
164	838	4.74885
164	839	4.81067
164	841	4.59591
164	869	4.94507
164	875	6.9918
165	757	0.807192
165	775	2.78485
165	868	3.36815
165	872	6.22672
165	886	3.57231
165	903	3.81418
165	941	3.90814
165	964	4.17373
165	974	4.25191
165	983	4.5544
165	985	4.48857
165	986	4.63603
165	988	4.51603
165	992	4.70808
165	994	4.79933
165	995	4.70847
165	999	4.79933
166	49	0.71863
166	104	3.76627
166	127	4.02056
166	129	3.99284
166	139	3.70992
166	202	4.10253
166	231	4.21224
166	257	4.22116
166	273	4.24867
166	286	4.26135
166	298	4.24709
166	340	4.31787
166	368	4.43352
166	370	4.43352
166	403	4.68248
166	409	4.43352
166	716	6.25163
167	9	3.85472
167	22	3.55281
167	138	3.26402
167	209	4.07713
167	214	3.77642
167	283	4.22848
167	287	4.18312
167	294	4.1499
167	341	4.29884
167	363	4.36335
167	377	4.36594
167	390	4.36594
167	416	4.4031
167	423	4.48793
167	424	4.48793
167	450	4.48793
167	591	3.64859
168	215	3.46297
168	218	3.64419
168	241	3.90158
168	316	3.98254
168	355	4.01807
168	356	3.97513
168	369	4.06319
168	498	4.22288
168	526	4.36516
168	537	4.47499
168	545	4.4903
168	551	4.67499
168	564	4.45025
168	588	4.56794
168	591	4.78933
168	771	2.89012
168	956	4.07167
169	33	3.37227
169	47	3.60355
169	54	3.66498
169	66	3.96133
169	68	3.96133
169	88	3.78527
169	89	3.75189
169	95	4.07085
169	150	4.09897
169	152	4.0738
169	183	3.88617
169	206	4.17896
169	211	3.88617
169	232	4.26266
169	235	4.26266
169	281	4.26266
169	720	6.96657
170	26	3.85616
170	39	3.85616
170	72	3.84955
170	75	3.85565
170	86	4.26674
170	181	4.35222
170	195	4.35498
170	197	4.38155
170	198	4.35222
170	200	4.35219
170	204	4.09533
170	221	4.09533
170	234	4.47181
170	256	4.47181
