1	105	2.70216
1	114	2.74352
1	313	3.12307
1	371	3.48932
1	389	3.55279
1	488	3.69639
1	539	3.94045
1	545	4.00364
1	565	3.98411
1	587	4.02119
1	589	3.84971
1	620	4.35557
1	621	4.3751
1	637	4.44825
1	986	5.81915
2	9	3.47121
2	33	3.12595
2	109	0.794997
2	251	3.72803
2	337	3.84054
2	362	3.88544
2	393	4.05305
2	466	4.4907
2	471	4.21329
2	479	4.21027
2	490	4.25772
2	515	4.35587
2	521	4.13076
2	569	4.52244
2	914	5.11713
3	79	2.31817
3	170	6.4
3	384	0.47423
3	464	3.56583
3	526	3.90231
3	529	3.95154
3	575	3.8076
3	595	3.89729
3	597	4.18889
3	650	4.35012
3	655	4.4068
3	661	4.42071
3	673	4.42935
3	683	4.4775
3	710	4.56915
4	44	3.41439
4	88	3.44034
4	103	3.52271
4	144	3.81389
4	179	3.53404
4	181	3.80534
4	205	3.63784
4	209	3.89903
4	210	3.63784
4	212	3.89903
4	252	3.63784
4	293	4.01433
4	303	4.01433
4	312	4.01433
4	999	5.87274
5	111	3.15295
5	168	3.2186
5	275	3.44662
5	277	3.674
5	408	3.93361
5	461	4.04313
5	480	4.40764
5	487	4.17029
5	500	4.27275
5	510	4.27275
5	520	4.49302
5	544	4.59996
5	561	4.59996
5	938	3.18967
5	997	2.65191
6	153	2.76931
6	160	3.0259
6	226	3.17513
6	297	3.06671
6	476	3.72529
6	477	3.69704
6	496	3.8781
6	500	5.79865
6	527	4.07876
6	540	3.93842
6	542	3.93849
6	581	4.2425
6	582	4.0433
6	611	4.35316
6	615	4.35316
7	315	0.743163
7	567	3.39955
7	586	3.43329
7	607	3.64992
7	664	3.62197
7	682	3.99072
7	690	5.15459
7	695	3.84129
7	697	3.94728
7	749	4.20135
7	768	4.31834
7	781	4.31076
7	790	4.38337
7	794	4.53976
7	797	4.64768
8	244	2.83952
8	250	3.17605
8	265	3.02326
8	382	3.57789
8	427	3.63069
8	435	3.58137
8	538	3.85325
8	553	3.91287
8	560	3.88319
8	562	3.90559
8	592	4.00851
8	601	4.30011
8	602	4.2746
8	624	4.31838
8	901	5.8306
9	2	3.47121
9	34	3.26432
9	271	5.35225
9	309	3.82742
9	344	3.94961
9	362	3.87162
9	374	4.03061
9	383	4.03007
9	466	4.47688
9	471	4.19947
9	479	4.19645
9	515	4.34205
9	521	4.11693
9	569	4.50862
9	616	0.524814
10	48	2.76844
10	239	2.80409
10	466	0.0160635
10	498	3.89336
10	526	3.96632
10	529	4.01555
10	551	4.07038
10	595	3.96129
10	597	4.2529
10	650	4.41412
10	655	4.4708
10	673	4.49336
10	683	4.5415
10	710	4.63316
10	726	5.77849
11	166	3.49862
11	211	1.83166
11	220	3.65759
11	329	3.82261
11	346	3.85373
11	428	4.00483
11	433	4.01742
11	446	4.03937
11	449	4.01742
11	473	4.38003
11	474	4.09361
11	499	4.22201
11	506	4.22201
11	511	4.45602
11	700	3.92405
12	120	3.80759
12	134	3.51089
12	135	3.78582
12	147	3.50441
12	152	3.80908
12	171	3.8068
12	183	3.51089
12	217	3.87646
12	227	3.60878
12	246	3.87646
12	253	3.60878
12	257	3.60878
12	315	3.98527
12	316	3.98527
12	803	5.79078
13	18	3.56101
13	41	3.54142
13	73	3.55191
13	127	3.88202
13	238	3.7755
13	254	4.03775
13	280	4.13272
13	324	4.25696
13	327	4.23996
13	358	4.23873
13	387	4.35577
13	395	4.35577
13	417	4.35577
13	596	1.7243
13	946	4.32768
14	109	2.87025
14	313	3.04608
14	371	3.41234
14	375	3.42009
14	389	3.47581
14	503	3.69506
14	539	3.86346
14	545	3.92666
14	565	3.90712
14	573	3.94771
14	589	3.77272
14	620	4.27859
14	621	4.29812
14	637	4.37127
14	797	5.81834
15	17	3.34548
15	47	3.68914
15	53	3.64954
15	86	3.63046
15	151	3.74735
15	167	3.4616
15	192	5.49583
15	201	3.86162
15	234	3.57476
15	248	3.85464
15	256	3.85747
15	264	3.85747
15	268	3.85328
15	284	3.95124
15	311	3.95124
16	69	3.46685
16	150	3.3632
16	178	3.58897
16	187	3.68902
16	221	3.43822
16	298	3.52836
16	302	3.77674
16	317	3.51374
16	338	3.91164
16	347	3.89776
16	369	4.00617
16	385	4.01227
16	416	3.9931
16	429	4.09922
16	976	5.81684
17	15	3.34548
17	47	3.72864
17	66	3.36754
17	126	3.47792
17	151	3.78685
17	167	3.5011
17	201	3.90113
17	234	3.61426
17	248	3.89414
17	256	3.89697
17	264	3.89697
17	268	3.89278
17	284	3.99075
17	311	3.99075
17	990	5.82339
18	13	3.56101
18	41	3.29393
18	42	3.27398
18	73	3.30442
18	127	3.63453
18	155	3.68831
18	238	3.52801
18	254	3.79026
18	280	3.88523
18	324	4.00948
18	358	3.99125
18	387	4.10828
18	395	4.10828
18	417	4.10828
18	840	5.71463
19	110	3.61079
19	113	3.6059
19	115	3.3306
19	142	3.59295
19	200	3.77931
19	276	3.5604
19	296	3.83677
19	305	3.56151
19	308	3.83636
19	325	3.6701
19	333	3.93494
19	335	5.80306
19	364	3.92411
19	392	4.02076
19	402	4.02076
20	91	2.99117
20	168	2.94578
20	180	3.21737
20	228	3.24416
20	288	3.54003
20	396	3.66983
20	461	3.77031
20	480	4.13482
20	487	3.89747
20	500	3.99993
20	510	3.99993
20	520	4.2202
20	544	4.32714
20	561	4.32714
20	713	5.76141
21	504	3.05738
21	608	3.50623
21	612	3.5494
21	647	3.61453
21	653	3.21397
21	672	3.69939
21	700	3.89908
21	763	4.15218
21	769	4.28344
21	791	4.4463
21	800	4.3896
21	810	4.3896
21	816	4.64906
21	820	4.64906
21	959	2.54598
22	131	3.20538
22	290	3.65979
22	329	3.82603
22	428	4.00824
22	433	4.02084
22	446	4.04279
22	449	4.02084
22	469	4.11061
22	473	4.38344
22	474	4.09702
22	499	4.22542
22	506	4.22542
22	511	4.45944
22	836	5.88109
22	930	0.000827935
23	84	3.42676
23	96	3.42676
23	163	3.29523
23	174	3.81758
23	175	3.55585
23	189	3.55641
23	194	3.55641
23	207	3.92017
23	237	3.92017
23	245	3.6608
23	269	4.03728
23	282	4.03728
23	304	4.03728
23	314	4.03728
23	820	5.72231
24	153	3.03732
24	211	3.42545
24	297	3.33472
24	401	3.77409
24	447	4.12545
24	477	3.96505
24	496	4.14611
24	540	4.20643
24	542	4.2065
24	581	4.51051
24	582	4.31131
24	611	4.62117
24	615	4.62117
24	746	3.82286
24	906	1.9875
25	224	2.73024
25	432	3.38256
25	436	3.3241
25	445	0.0461788
25	486	3.3747
25	563	3.62449
25	594	3.79534
25	643	4.2595
25	699	4.46624
25	715	4.49981
25	716	4.5321
25	732	4.73733
25	757	4.62496
25	770	4.93389
25	927	5.88081
26	80	2.98518
26	95	3.03034
26	190	3.17667
26	236	3.48346
26	322	2.57356
26	334	3.75469
26	341	3.68099
26	391	3.88731
26	410	3.86214
26	425	3.95008
26	431	3.96408
26	444	3.97465
26	489	4.06621
26	494	4.06621
26	518	4.40324
27	497	2.82141
27	502	2.86455
27	657	3.40739
27	685	3.67732
27	694	3.7329
27	709	3.86644
27	720	3.78422
27	721	3.87262
27	725	3.76851
27	742	3.97818
27	744	5.73935
27	750	4.00639
27	762	4.01874
27	772	4.13231
27	775	4.35428
28	72	3.1996
28	197	3.20579
28	267	3.50607
28	278	3.58192
28	307	3.5452
28	339	3.6249
28	354	5.77648
28	412	3.7798
28	413	3.73275
28	419	4.10238
28	421	3.85987
28	445	4.14061
28	456	3.84851
28	467	4.20545
28	482	3.95242
29	112	3.65391
29	199	3.47143
29	218	3.55332
29	281	3.90704
29	330	3.99502
29	350	3.99626
29	361	3.97089
29	405	4.06739
29	424	4.21789
29	440	4.21293
29	491	4.30072
29	492	4.30072
29	509	4.63774
29	931	3.23511
29	976	2.58921
30	37	3.73079
30	39	3.44378
30	54	3.45927
30	83	3.70846
30	92	3.74956
30	102	3.88093
30	117	3.54669
30	125	3.56118
30	130	3.54669
30	215	3.96225
30	231	3.67019
30	266	3.93213
30	285	4.04667
30	286	4.04667
30	944	5.81634
31	34	5.80948
31	64	3.65489
31	78	3.65489
31	87	3.35031
31	89	3.69205
31	128	3.75914
31	132	4.10088
31	133	3.75914
31	136	3.75914
31	157	3.75914
31	158	3.75914
31	162	3.75914
31	164	3.75914
31	172	3.75914
31	177	3.75914
32	35	3.75684
32	43	3.49427
32	103	6.4
32	159	3.92433
32	187	4.02799
32	221	3.77719
32	242	4.0023
32	246	0.00325815
32	298	3.86733
32	302	4.1157
32	317	3.85271
32	369	4.34514
32	385	4.35124
32	416	4.33207
32	429	4.43819
33	2	3.12595
33	272	3.49964
33	278	3.81838
33	309	3.48217
33	344	3.60435
33	362	3.52636
33	374	3.68535
33	393	3.69397
33	466	4.13162
33	471	3.85421
33	479	3.85119
33	490	3.89863
33	515	3.99679
33	521	3.77168
33	569	4.16336
34	9	3.26432
34	31	5.80948
34	62	3.31743
34	140	3.13229
34	251	3.52115
34	258	3.51593
34	272	3.65183
34	344	3.75655
34	383	3.837
34	393	3.84616
34	479	4.00339
34	490	4.05083
34	515	4.14898
34	521	3.92387
34	569	4.31556
35	32	3.75684
35	150	3.62687
35	187	3.95269
35	221	3.70189
35	242	3.927
35	302	4.0404
35	317	3.77741
35	338	4.17531
35	347	4.16142
35	369	4.26984
35	385	4.27594
35	416	4.25677
35	429	4.36289
35	465	3.19375
35	949	2.61644
36	670	2.96082
36	726	3.31273
36	730	3.40825
36	743	3.41508
36	755	3.58135
36	761	3.4764
36	798	3.79974
36	803	4.02199
36	804	3.85884
36	809	3.83245
36	813	4.06491
36	835	4.18424
36	837	4.18424
36	849	4.18424
36	951	5.78633
37	30	3.73079
37	54	3.72773
37	97	5.80948
37	102	4.14939
37	117	3.81515
37	125	3.82964
37	130	3.81515
37	141	4.10357
37	156	4.11368
37	215	4.2307
37	231	3.93864
37	266	4.20058
37	285	4.31513
37	286	4.31513
37	397	0.227596
38	452	3.26554
38	507	3.50024
38	547	3.28861
38	598	3.67731
38	606	3.74306
38	614	3.5274
38	618	3.81304
38	622	3.55894
38	649	3.87058
38	671	3.74779
38	674	4.04458
38	701	4.06982
38	706	4.03607
38	709	5.80653
38	724	4.14228
39	30	3.44378
39	54	3.44073
39	92	3.73101
39	102	3.86239
39	117	3.52815
39	125	3.54264
39	130	3.52815
39	141	3.81657
39	152	5.77151
39	156	3.82668
39	215	3.9437
39	231	3.65164
39	266	3.91358
39	285	4.02813
39	286	4.02813
40	72	3.56982
40	422	3.25015
40	522	3.34776
40	563	3.39313
40	604	3.67014
40	643	4.02814
40	648	4.02673
40	654	4.15717
40	668	4.07842
40	692	2.53176
40	715	4.26845
40	716	4.30074
40	757	4.3936
40	770	4.70253
40	779	4.66832
41	13	3.54142
41	18	3.29393
41	42	3.25439
41	73	3.28483
41	155	3.66871
41	235	7.00928
41	238	3.50842
41	254	3.77067
41	280	3.86564
41	310	3.86845
41	324	3.98988
41	327	3.97287
41	387	4.08869
41	395	4.08869
41	417	4.08869
42	18	3.27398
42	41	3.25439
42	45	3.19661
42	61	3.54614
42	238	3.48847
42	254	3.75072
42	280	3.84569
42	310	3.8485
42	324	3.96994
42	327	3.95293
42	358	3.9517
42	387	4.06874
42	395	4.06874
42	417	4.06874
42	979	5.85498
43	32	3.49427
43	150	3.36431
43	159	3.58647
43	178	3.59007
43	187	3.69012
43	221	3.43932
43	242	3.66444
43	298	3.52947
43	338	3.91275
43	347	3.89886
43	369	4.00728
43	385	4.01337
43	416	3.99421
43	429	4.10033
43	659	5.83285
44	4	3.41439
44	88	3.43324
44	103	3.5156
44	144	3.80678
44	179	3.52693
44	205	3.63074
44	209	3.89193
44	210	3.63074
44	212	3.89193
44	216	3.89058
44	252	3.63074
44	293	4.00722
44	303	4.00722
44	312	4.00722
44	838	6.0061
45	42	3.19661
45	61	3.50831
45	73	3.22705
45	127	3.55716
45	155	3.61094
45	254	3.71289
45	280	3.80786
45	310	3.81067
45	324	3.93211
45	327	3.9151
45	358	3.91387
45	387	4.03091
45	395	4.03091
45	417	4.03091
45	973	5.81104
46	63	3.64608
46	65	3.35114
46	93	3.67841
46	97	3.34725
46	161	3.70349
46	169	3.72897
46	193	3.45832
46	208	3.84925
46	229	3.57181
46	240	3.85
46	273	3.9483
46	287	3.9483
46	294	4.25568
46	300	3.9483
46	482	5.67549
47	15	3.68914
47	17	3.72864
47	66	3.71121
47	86	4.01363
47	126	3.82159
47	151	4.13052
47	167	3.84476
47	201	4.24479
47	234	3.95793
47	248	4.23781
47	268	4.23644
47	284	4.33441
47	311	4.33441
47	745	3.07101
47	795	2.68376
48	10	2.76844
48	118	3.17624
48	294	2.14305e-05
48	411	3.49655
48	464	3.69453
48	575	3.9363
48	577	3.9793
48	595	4.02599
48	597	4.31759
48	647	5.96192
48	650	4.47882
48	661	4.54941
48	673	4.55805
48	683	4.6062
48	710	4.69785
49	425	0.00133369
49	696	5.92769
49	766	2.92796
49	782	3.06887
49	788	3.28669
49	836	3.45241
49	926	4.13839
49	929	4.06132
49	941	4.2629
49	950	4.55472
49	955	4.54493
49	957	4.38451
49	960	4.38451
49	970	4.60904
49	971	4.60904
50	250	3.33083
50	382	3.73267
50	400	3.58637
50	427	3.78547
50	435	3.73615
50	553	4.06765
50	560	4.03797
50	562	4.06037
50	592	4.16329
50	601	4.45489
50	602	4.42938
50	624	4.47316
50	626	4.42707
50	875	1.51308
50	978	4.33874
51	422	2.93251
51	436	2.77511
51	533	3.12566
51	604	3.35251
51	605	5.82962
51	643	3.71051
51	648	3.7091
51	654	3.83954
51	699	3.91725
51	715	3.95082
51	732	4.18833
51	737	3.97238
51	757	4.07597
51	770	4.3849
51	779	4.35069
52	319	3.645
52	335	3.6645
52	403	3.84634
52	414	3.80448
52	420	3.93634
52	441	3.96749
52	451	3.92135
52	468	4.28185
52	505	4.39542
52	508	4.1351
52	515	2.74267
52	548	4.22914
52	554	4.22914
52	558	4.22914
52	664	3.22097
53	15	3.64954
53	66	3.67161
53	86	3.97403
53	126	3.78198
53	151	4.09092
53	167	3.80516
53	201	4.20519
53	234	3.91832
53	256	4.20103
53	264	4.20103
53	268	4.19684
53	284	4.29481
53	311	4.29481
53	636	0.00709533
53	793	5.83694
54	30	3.45927
54	37	3.72773
54	39	3.44073
54	92	3.7465
54	102	3.87788
54	117	3.54363
54	125	3.55812
54	130	3.54363
54	141	3.83206
54	156	3.84217
54	206	5.85165
54	215	3.95919
54	231	3.66713
54	285	4.04362
54	286	4.04362
55	131	2.94383
55	220	3.39946
55	329	3.56448
55	346	3.5956
55	378	3.63879
55	428	3.74669
55	433	3.75929
55	446	3.78124
55	449	3.75929
55	469	3.84906
55	473	4.12189
55	499	3.96387
55	506	3.96387
55	511	4.19789
55	871	5.73398
56	579	5.77922
56	812	2.97658
56	855	2.97618
56	880	3.2936
56	923	3.44678
56	934	3.51357
56	935	3.5637
56	938	3.55924
56	949	3.89002
56	977	4.02232
56	984	4.16692
56	987	4.15611
56	995	4.24009
56	997	4.24009
56	999	4.24009
57	404	2.39449
57	457	2.72683
57	600	3.52099
57	605	3.34213
57	612	3.40125
57	660	3.44691
57	700	3.75093
57	712	3.7836
57	769	4.13529
57	791	4.29815
57	800	4.24144
57	810	4.24144
57	816	4.50091
57	820	4.50091
57	963	5.78809
58	486	5.56811
58	524	2.44886
58	552	2.72264
58	733	3.50056
58	741	3.45378
58	765	3.65123
58	787	3.79663
58	801	4.04297
58	805	4.0863
58	821	3.97058
58	827	3.93497
58	830	4.14169
58	848	4.03209
58	850	4.22036
58	852	4.28261
59	457	3.06711
59	481	2.96785
59	504	3.24951
59	524	2.45196
59	605	3.68242
59	612	3.74154
59	660	3.78719
59	712	4.12389
59	763	4.34432
59	769	4.47558
59	800	4.58173
59	810	4.58173
59	816	4.8412
59	820	4.8412
59	828	3.8492
60	65	3.66345
60	93	3.99072
60	97	3.65956
60	124	3.74758
60	161	4.01581
60	169	4.04128
60	193	3.77063
60	229	3.88413
60	240	4.16231
60	273	4.26061
60	287	4.26061
60	294	4.56799
60	300	4.26061
60	380	4.35955
60	458	1.36234
61	42	3.54614
61	45	3.50831
61	73	3.57658
61	127	3.90669
61	155	3.96047
61	232	0.585009
61	238	3.80017
61	280	4.15739
61	310	4.1602
61	327	4.26463
61	358	4.2634
61	387	4.38044
61	395	4.38044
61	417	4.38044
61	875	5.26423
62	34	3.31743
62	140	3.37846
62	174	3.05022
62	230	2.81048
62	258	3.7621
62	301	3.81477
62	337	3.87983
62	344	4.00272
62	374	4.08372
62	393	4.09234
62	466	4.52999
62	490	4.297
62	515	4.39515
62	521	4.17004
62	569	4.56173
63	46	3.64608
63	65	3.67389
63	93	4.00116
63	97	3.67
63	124	3.75802
63	161	4.02625
63	169	4.05172
63	208	4.172
63	229	3.89457
63	273	4.27105
63	287	4.27105
63	294	4.57844
63	300	4.27105
63	623	0.0428979
63	908	5.88426
64	31	3.65489
64	87	3.65489
64	89	3.99663
64	128	4.06371
64	132	4.40545
64	133	4.06371
64	136	4.06371
64	157	4.06371
64	158	4.06371
64	162	4.06371
64	164	4.06371
64	172	4.06371
64	177	4.06371
64	851	5.70963
64	865	0.0601867
65	46	3.35114
65	60	3.66345
65	63	3.67389
65	93	3.70622
65	97	3.37506
65	124	3.46308
65	193	3.48613
65	208	3.87706
65	229	3.59963
65	240	3.87781
65	273	3.97611
65	287	3.97611
65	294	4.28349
65	300	3.97611
65	373	5.58532
66	17	3.36754
66	47	3.71121
66	53	3.67161
66	86	3.65253
66	126	3.46048
66	167	3.48366
66	201	3.88369
66	234	3.59682
66	248	3.8767
66	256	3.87953
66	264	3.87953
66	268	3.87534
66	284	3.97331
66	311	3.97331
66	518	4.78911
67	77	3.0522
67	139	3.1604
67	144	0.880471
67	259	5.00683
67	271	3.70196
67	289	3.75781
67	403	3.98323
67	451	4.05824
67	468	4.41875
67	505	4.53231
67	508	4.27199
67	516	4.25028
67	548	4.36604
67	554	4.36604
67	558	4.36604
68	239	7.00928
68	352	2.61456
68	502	3.24841
68	645	3.81612
68	652	3.96543
68	685	4.06118
68	687	4.00221
68	709	4.2503
68	710	0.0578394
68	720	4.16808
68	725	4.15237
68	742	4.36204
68	750	4.39024
68	772	4.51617
68	775	4.73814
69	16	3.46685
69	150	3.67585
69	159	3.89801
69	187	4.00167
69	221	3.75087
69	242	3.97598
69	298	3.84101
69	302	4.08938
69	338	4.22429
69	369	4.31882
69	385	4.32492
69	416	4.30575
69	429	4.41187
69	887	3.87162
69	904	1.96724
70	343	2.17938
70	616	3.4271
70	646	3.62577
70	652	3.61943
70	658	3.67589
70	685	3.71518
70	694	3.77075
70	709	3.9043
70	720	3.82208
70	721	3.91048
70	742	4.01603
70	762	4.0566
70	772	4.17017
70	775	4.39213
70	999	5.87274
71	112	3.43281
71	137	3.13929
71	145	3.3984
71	218	3.33222
71	259	3.54908
71	261	3.58023
71	330	3.77391
71	361	3.74979
71	363	3.76508
71	424	3.99678
71	440	3.99182
71	491	4.07961
71	492	4.07961
71	509	4.41664
71	694	5.90988
72	28	3.1996
72	40	3.56982
72	176	3.63639
72	278	3.87766
72	307	3.84094
72	320	2.06078
72	332	3.90112
72	339	3.92063
72	368	4.02528
72	419	4.39812
72	421	4.15561
72	445	4.43635
72	456	4.14425
72	467	4.50119
72	482	4.24815
73	13	3.55191
73	18	3.30442
73	41	3.28483
73	45	3.22705
73	61	3.57658
73	155	3.67921
73	238	3.51891
73	278	3.81838
73	310	3.87894
73	324	4.00038
73	327	3.98337
73	358	3.98214
73	387	4.09918
73	395	4.09918
73	417	4.09918
74	758	2.71871
74	776	2.88705
74	780	2.91742
74	836	3.30958
74	841	3.16418
74	842	3.16734
74	909	3.89566
74	926	3.99556
74	946	5.94294
74	950	4.41189
74	955	4.4021
74	957	4.24168
74	960	4.24168
74	970	4.46621
74	971	4.46621
75	241	2.67193
75	336	2.95441
75	570	4.00657
75	606	4.13223
75	618	4.20221
75	622	3.9481
75	629	4.09086
75	651	4.29261
75	671	4.13696
75	674	4.43374
75	701	4.45899
75	706	4.42524
75	724	4.53144
75	736	3.8203
75	801	1.99381
76	88	3.67414
76	144	4.04769
76	179	3.76784
76	181	4.03914
76	205	3.87164
76	209	4.13284
76	210	3.87164
76	212	4.13284
76	216	4.13149
76	248	1.27127
76	252	3.87164
76	293	4.24813
76	303	4.24813
76	312	4.24813
76	702	4.40702
77	67	3.0522
77	198	3.25134
77	222	3.34951
77	277	5.69539
77	403	3.60521
77	420	3.69521
77	441	3.72635
77	451	3.68021
77	468	4.04072
77	505	4.15429
77	508	3.89396
77	516	3.87225
77	548	3.98801
77	554	3.98801
77	558	3.98801
78	31	3.65489
78	87	3.65489
78	89	3.99663
78	128	4.06371
78	132	4.40545
78	133	4.06371
78	136	4.06371
78	157	4.06371
78	158	4.06371
78	162	4.06371
78	164	4.06371
78	172	4.06371
78	177	4.06371
78	360	5.5154
78	624	0.416152
79	3	2.31817
79	453	3.08271
79	464	3.30826
79	526	3.64474
79	551	3.74881
79	575	3.55003
79	577	3.59303
79	597	3.93132
79	650	4.09255
79	655	4.14923
79	661	4.16314
79	673	4.17178
79	683	4.21993
79	710	4.31158
79	950	5.79207
80	26	2.98518
80	123	3.34016
80	334	3.66612
80	342	3.6774
80	360	3.63479
80	372	3.51622
80	391	3.79875
80	410	3.77357
80	425	3.86151
80	431	3.87551
80	444	3.88609
80	489	3.97764
80	494	3.97764
80	518	4.31467
80	928	5.75268
81	223	2.88697
81	233	3.03282
81	244	2.89034
81	367	3.39825
81	382	3.62871
81	439	3.58737
81	538	3.90408
81	553	3.96369
81	560	3.93402
81	562	3.95642
81	592	4.05934
81	601	4.35094
81	624	4.36921
81	626	4.32312
81	698	5.79788
82	672	0.539957
82	729	2.4709
82	748	5.37276
82	796	2.8448
82	921	3.73397
82	922	3.8016
82	949	4.20819
82	966	4.15837
82	967	4.09278
82	977	4.3405
82	984	4.48509
82	987	4.47429
82	995	4.55826
82	997	4.55826
82	999	4.55826
83	30	3.70846
83	92	3.99568
83	102	4.12706
83	117	3.79282
83	125	3.80731
83	130	3.79282
83	141	4.08125
83	156	4.09135
83	215	4.20837
83	231	3.91631
83	266	4.17825
83	285	4.2928
83	286	4.2928
83	525	2.86186
83	808	3.0904
84	23	3.42676
84	163	3.2656
84	174	3.78795
84	175	3.52622
84	186	3.78021
84	189	3.52677
84	194	3.52677
84	203	3.89266
84	237	3.89054
84	245	3.63117
84	269	4.00765
84	282	4.00765
84	304	4.00765
84	314	4.00765
84	511	5.79749
85	497	3.13079
85	603	3.42351
85	606	3.83303
85	616	3.69863
85	646	3.89729
85	652	3.89095
85	658	3.94741
85	721	4.182
85	725	4.07789
85	742	4.28756
85	750	4.31576
85	762	4.32812
85	772	4.44169
85	775	4.66366
85	950	1.97886
86	15	3.63046
86	47	4.01363
86	53	3.97403
86	66	3.65253
86	126	3.76291
86	151	4.07184
86	201	4.18612
86	234	3.89925
86	248	4.17913
86	256	4.18196
86	264	4.18196
86	284	4.27573
86	311	4.27573
86	954	3.79946
86	992	2.00333
87	31	3.35031
87	64	3.65489
87	78	3.65489
87	89	3.69205
87	128	3.75914
87	132	4.10088
87	133	3.75914
87	136	3.75914
87	157	3.75914
87	158	3.75914
87	162	3.75914
87	164	3.75914
87	172	3.75914
87	177	3.75914
87	462	5.74217
88	4	3.44034
88	44	3.43324
88	76	3.67414
88	103	3.54156
88	144	3.83274
88	179	3.55289
88	181	3.82419
88	205	3.6567
88	210	3.6567
88	216	3.91654
88	252	3.6567
88	293	4.03318
88	303	4.03318
88	312	4.03318
88	605	5.82962
89	31	3.69205
89	64	3.99663
89	78	3.99663
89	87	3.69205
89	128	4.10088
89	133	4.10088
89	136	4.10088
89	157	4.10088
89	158	4.10088
89	162	4.10088
89	164	4.10088
89	172	4.10088
89	177	4.10088
89	314	1.09648
89	914	4.84156
90	111	2.93242
90	122	3.29059
90	180	3.26966
90	275	3.22609
90	277	3.45347
90	288	3.59232
90	396	3.72212
90	408	3.71308
90	487	3.94976
90	495	5.97271
90	500	4.05222
90	510	4.05222
90	520	4.27249
90	544	4.37943
90	561	4.37943
91	20	2.99117
91	122	3.46895
91	277	3.63184
91	288	3.77068
91	396	3.90048
91	452	0.205438
91	461	4.00096
91	480	4.36548
91	487	4.12812
91	500	4.23058
91	510	4.23058
91	520	4.45085
91	544	4.55779
91	561	4.55779
91	592	5.62619
92	30	3.74956
92	39	3.73101
92	54	3.7465
92	83	3.99568
92	102	4.16816
92	117	3.83392
92	130	3.83392
92	156	4.13245
92	215	4.24948
92	231	3.95742
92	266	4.21936
92	285	4.3339
92	286	4.3339
92	433	5.91684
92	964	0.163871
93	46	3.67841
93	60	3.99072
93	63	4.00116
93	65	3.70622
93	124	3.79035
93	161	4.05858
93	193	3.8134
93	208	4.20433
93	229	3.9269
93	240	4.20508
93	254	4.07971
93	273	4.30338
93	287	4.30338
93	300	4.30338
93	675	1.73819
94	519	3.29186
94	599	3.35573
94	664	3.54763
94	682	3.91638
94	684	3.79594
94	697	3.87294
94	713	3.86479
94	717	3.91292
94	768	4.244
94	774	4.19074
94	781	4.23642
94	790	4.30903
94	794	4.46542
94	797	4.57334
94	852	2.51222
95	26	3.03034
95	190	3.13326
95	248	5.73801
95	292	3.57565
95	295	3.5429
95	334	3.71128
95	342	3.72256
95	372	3.56138
95	391	3.8439
95	425	3.90667
95	431	3.92067
95	444	3.93124
95	489	4.0228
95	494	4.0228
95	518	4.35983
96	23	3.42676
96	163	3.2656
96	174	3.78795
96	175	3.52622
96	186	3.78021
96	189	3.52677
96	194	3.52677
96	203	3.89266
96	207	3.89054
96	245	3.63117
96	269	4.00765
96	282	4.00765
96	304	4.00765
96	314	4.00765
96	411	5.84514
97	37	5.80948
97	46	3.34725
97	60	3.65956
97	63	3.67
97	65	3.37506
97	124	3.45919
97	169	3.75289
97	193	3.48224
97	208	3.87317
97	229	3.59574
97	240	3.87392
97	273	3.97222
97	287	3.97222
97	294	4.2796
97	300	3.97222
98	670	3.23355
98	681	3.52513
98	703	1.14707
98	730	3.68098
98	743	3.68781
98	755	3.85408
98	798	4.07248
98	803	4.29472
98	804	4.13157
98	809	4.10518
98	815	4.32885
98	835	4.45697
98	837	4.45697
98	849	4.45697
98	888	4.64232
99	610	0.000484818
99	899	3.63807
99	900	3.71409
99	903	3.63266
99	905	3.85489
99	908	3.76567
99	917	3.81511
99	927	5.93675
99	930	4.052
99	946	4.03958
99	954	4.23795
99	961	4.13452
99	962	4.31997
99	979	4.61755
99	980	4.46323
100	120	4.21092
100	134	3.91422
100	135	4.18916
100	147	3.90775
100	152	4.21242
100	182	3.87821
100	183	3.91422
100	201	0.00270943
100	217	4.27979
100	227	4.01212
100	246	4.27979
100	253	4.01212
100	257	4.01212
100	315	4.3886
100	316	4.3886
100	613	6.12008
101	812	3.15007
101	831	2.81215
101	912	3.56472
101	921	3.58928
101	922	3.65692
101	923	3.62027
101	933	6.40471
101	934	3.68707
101	938	3.73273
101	942	3.86234
101	966	4.01368
101	984	4.34041
101	987	4.32961
101	995	4.41358
101	997	4.41358
101	999	4.41358
102	30	3.88093
102	37	4.14939
102	39	3.86239
102	54	3.87788
102	83	4.12706
102	92	4.16816
102	117	3.9653
102	125	3.97979
102	130	3.9653
102	141	4.25372
102	231	4.08879
102	266	4.35073
102	285	4.46528
102	286	4.46528
102	977	5.14587
102	991	1.40803
103	4	3.52271
103	32	6.4
103	44	3.5156
103	88	3.54156
103	144	3.9151
103	179	3.63525
103	181	3.90656
103	205	3.73906
103	209	4.00025
103	210	3.73906
103	212	4.00025
103	216	3.9989
103	252	3.73906
103	293	4.11554
103	303	4.11554
103	312	4.11554
104	335	2.47885
104	423	3.02524
104	607	3.80212
104	631	3.56244
104	664	3.77417
104	682	4.14293
104	684	4.02248
104	713	4.09134
104	717	4.13947
104	749	4.35356
104	768	4.47055
104	774	4.41729
104	781	4.46296
104	790	4.53557
104	797	4.79988
104	890	3.90696
105	1	2.70216
105	124	6.4
105	260	3.09053
105	371	3.53064
105	375	3.53839
105	458	3.62603
105	488	3.73771
105	539	3.98176
105	545	4.04495
105	565	4.02542
105	573	4.06601
105	587	4.06251
105	589	3.89102
105	620	4.39689
105	621	4.41642
105	637	4.48957
106	118	3.21053
106	239	2.90308
106	411	3.53084
106	464	3.72883
106	551	4.16937
106	577	4.01359
106	595	4.06028
106	597	4.35189
106	650	4.51311
106	655	4.56979
106	661	4.5837
106	673	4.59234
106	683	4.64049
106	710	4.73214
106	791	3.0599
106	804	3.44773
107	249	2.71587
107	336	2.87156
107	452	3.57186
107	460	3.26826
107	507	3.80656
107	583	3.70811
107	614	3.83372
107	622	3.86526
107	649	4.1769
107	651	4.20976
107	671	4.05411
107	674	4.3509
107	701	4.37614
107	706	4.34239
107	724	4.4486
107	762	6.41485
108	146	3.33073
108	173	3.1672
108	192	3.29896
108	226	3.61285
108	263	3.78066
108	447	4.29516
108	476	4.16301
108	496	4.31582
108	527	4.51647
108	540	4.37614
108	581	4.68022
108	582	4.48102
108	611	4.79088
108	615	4.79088
108	780	1.3295
108	939	5.04821
109	2	0.794997
109	14	2.87025
109	313	3.40946
109	377	3.69888
109	383	5.57342
109	488	3.98278
109	503	4.05844
109	539	4.22683
109	545	4.29003
109	565	4.27049
109	573	4.31108
109	587	4.30758
109	589	4.13609
109	620	4.64196
109	621	4.66149
109	637	4.73464
110	19	3.61079
110	113	4.00478
110	142	3.99183
110	200	4.17819
110	235	3.82101
110	276	3.95928
110	279	3.93546
110	308	4.23523
110	325	4.06898
110	333	4.33382
110	348	4.29836
110	364	4.32298
110	392	4.41964
110	402	4.41964
110	630	1.36697
110	865	4.91815
111	5	3.15295
111	90	2.93242
111	122	3.35791
111	223	7.00928
111	275	3.29341
111	288	3.65964
111	396	3.78944
111	408	3.7804
111	461	3.88992
111	480	4.25444
111	487	4.01708
111	500	4.11954
111	510	4.11954
111	520	4.33981
111	544	4.44675
111	561	4.44675
112	29	3.65391
112	71	3.43281
112	199	3.59695
112	259	3.8957
112	330	4.12053
112	350	4.12177
112	361	4.09641
112	370	4.19144
112	378	3.88252
112	405	4.19291
112	424	4.3434
112	440	4.33845
112	491	4.42623
112	492	4.42623
112	509	4.76326
112	590	2.50396
113	19	3.6059
113	110	4.00478
113	148	3.99851
113	200	4.1733
113	243	0.0720672
113	276	3.95438
113	279	3.93057
113	296	4.23076
113	305	3.9555
113	308	4.23034
113	325	4.06408
113	333	4.32893
113	348	4.29347
113	392	4.41475
113	402	4.41475
113	934	6.27064
114	1	2.74352
114	185	2.79541
114	320	6.22112
114	371	3.57199
114	375	3.57975
114	377	3.49517
114	458	3.66739
114	539	4.02312
114	545	4.08631
114	565	4.06678
114	573	4.10737
114	587	4.10387
114	589	3.93238
114	620	4.43824
114	621	4.45778
114	637	4.53092
115	19	3.3306
115	148	3.72322
115	200	3.898
115	235	3.54082
115	276	3.67909
115	279	3.65527
115	296	3.95546
115	305	3.6802
115	308	3.95504
115	325	3.78879
115	333	4.05363
115	348	4.01817
115	364	4.04279
115	392	4.13945
115	402	4.13945
115	512	6.14466
116	399	4.67875
116	634	2.73979
116	747	3.18294
116	748	3.19049
116	771	1.91945
116	799	3.62131
116	859	3.86322
116	870	3.98098
116	884	4.06835
116	889	4.15228
116	927	4.48631
116	944	4.67586
116	964	4.96954
116	973	4.83402
116	982	4.82071
116	983	5.0142
117	30	3.54669
117	37	3.81515
117	39	3.52815
117	54	3.54363
117	83	3.79282
117	92	3.83392
117	102	3.9653
117	125	3.64555
117	141	3.91948
117	156	3.92959
117	215	4.04661
117	231	3.75455
117	266	4.01649
117	285	4.13104
117	286	4.13104
117	489	6.38301
118	48	3.17624
118	106	3.21053
118	149	3.01058
118	239	3.21189
118	453	3.81209
118	464	4.03763
118	498	4.30116
118	551	4.47818
118	575	4.2794
118	595	4.36909
118	655	4.8786
118	661	4.89251
118	673	4.90115
118	710	5.04095
118	882	3.35718
118	890	3.02823
119	533	6.40402
119	727	2.25606
119	767	2.55309
119	890	3.54755
119	892	3.64437
119	897	3.7631
119	899	3.64064
119	905	3.85746
119	930	4.05457
119	946	4.04215
119	961	4.13709
119	962	4.32254
119	965	4.34773
119	972	4.34773
119	979	4.62012
119	980	4.4658
120	12	3.80759
120	100	4.21092
120	134	3.94621
120	147	3.93973
120	164	0.000545557
120	171	4.24212
120	182	3.91019
120	183	3.94621
120	217	4.31178
120	227	4.0441
120	246	4.31178
120	253	4.0441
120	257	4.0441
120	315	4.42059
120	316	4.42059
120	837	6.43915
121	623	3.14676
121	733	3.76465
121	744	3.73119
121	755	1.28682
121	759	3.90073
121	787	4.06071
121	795	4.17169
121	801	4.30706
121	805	4.35039
121	821	4.23466
121	827	4.19906
121	830	4.40577
121	848	4.29618
121	850	4.48445
121	852	4.54669
121	932	5.05698
122	90	3.29059
122	91	3.46895
122	111	3.35791
122	168	3.42356
122	187	2.30643
122	275	3.65158
122	288	4.01781
122	408	4.13856
122	480	4.6126
122	487	4.37524
122	500	4.4777
122	510	4.4777
122	520	4.69797
122	544	4.80491
122	561	4.80491
122	871	3.95734
123	80	3.34016
123	190	3.53165
123	236	3.83844
123	341	4.03597
123	342	4.12095
123	360	4.07834
123	372	3.95977
123	391	4.24229
123	410	4.21712
123	425	4.30506
123	444	4.32963
123	489	4.42119
123	494	4.42119
123	495	4.34621
123	518	4.75822
123	907	2.35039
124	60	3.74758
124	63	3.75802
124	65	3.46308
124	93	3.79035
124	97	3.45919
124	105	6.4
124	161	3.81543
124	169	3.84091
124	193	3.57026
124	208	3.96119
124	229	3.68375
124	240	3.96194
124	273	4.06024
124	287	4.06024
124	294	4.36762
124	300	4.06024
125	30	3.56118
125	37	3.82964
125	39	3.54264
125	54	3.55812
125	83	3.80731
125	102	3.97979
125	117	3.64555
125	130	3.64555
125	141	3.93397
125	156	3.94408
125	215	4.0611
125	231	3.76904
125	266	4.03098
125	285	4.14553
125	286	4.14553
125	339	6.4187
126	17	3.47792
126	47	3.82159
126	53	3.78198
126	66	3.46048
126	86	3.76291
126	151	3.8798
126	167	3.59404
126	201	3.99407
126	234	3.7072
126	248	3.98708
126	256	3.98991
126	264	3.98991
126	268	3.98572
126	284	4.08369
126	311	4.08369
126	757	6.45275
127	13	3.88202
127	18	3.63453
127	45	3.55716
127	61	3.90669
127	238	3.84902
127	254	4.11127
127	280	4.20624
127	310	4.20904
127	324	4.33048
127	327	4.31347
127	358	4.31225
127	387	4.42928
127	395	4.42928
127	417	4.42928
127	508	4.22118
127	813	2.26348
128	31	3.75914
128	64	4.06371
128	78	4.06371
128	87	3.75914
128	89	4.10088
128	132	4.5097
128	133	4.16796
128	136	4.16796
128	157	4.16796
128	158	4.16796
128	162	4.16796
128	164	4.16796
128	172	4.16796
128	177	4.16796
128	604	6.61061
128	791	0.154381
129	131	3.35516
129	166	3.65182
129	209	3.53784
129	290	3.80957
129	329	3.97581
129	346	4.00693
129	378	4.05012
129	428	4.15802
129	446	4.19257
129	469	4.26038
129	473	4.53322
129	474	4.2468
129	499	4.3752
129	506	4.3752
129	511	4.60922
129	556	2.82476
130	30	3.54669
130	37	3.81515
130	39	3.52815
130	54	3.54363
130	83	3.79282
130	92	3.83392
130	102	3.9653
130	125	3.64555
130	141	3.91948
130	156	3.92959
130	215	4.04661
130	231	3.75455
130	232	6.42427
130	266	4.01649
130	285	4.13104
130	286	4.13104
131	22	3.20538
131	55	2.94383
131	129	3.35516
131	220	3.58528
131	346	3.78143
131	378	3.82462
131	401	4.47214
131	433	3.94511
131	446	3.96707
131	449	3.94511
131	469	4.03488
131	473	4.30772
131	474	4.0213
131	499	4.1497
131	506	4.1497
131	511	4.38372
132	31	4.10088
132	64	4.40545
132	78	4.40545
132	87	4.10088
132	128	4.5097
132	133	4.5097
132	136	4.5097
132	157	4.5097
132	158	4.5097
132	162	4.5097
132	164	4.5097
132	172	4.5097
132	177	4.5097
132	364	4.04257
132	762	0.829678
132	861	1.60607
133	31	3.75914
133	64	4.06371
133	78	4.06371
133	87	3.75914
133	89	4.10088
133	128	4.16796
133	132	4.5097
133	136	4.16796
133	157	4.16796
133	158	4.16796
133	162	4.16796
133	164	4.16796
133	172	4.16796
133	177	4.16796
133	698	3.05021
133	971	3.35344
134	12	3.51089
134	100	3.91422
134	120	3.94621
134	135	3.92445
134	147	3.64304
134	152	3.94771
134	171	3.94542
134	182	3.6135
134	183	3.64951
134	227	3.74741
134	246	4.01508
134	253	3.74741
134	257	3.74741
134	315	4.12389
134	316	4.12389
134	573	6.39374
135	12	3.78582
135	100	4.18916
135	134	3.92445
135	142	0.175563
135	152	4.22264
135	171	4.22036
135	182	3.88843
135	183	3.92445
135	217	4.29001
135	227	4.02234
135	246	4.29001
135	253	4.02234
135	257	4.02234
135	280	6.05632
135	315	4.39883
135	316	4.39883
136	31	3.75914
136	64	4.06371
136	78	4.06371
136	87	3.75914
136	89	4.10088
136	128	4.16796
136	132	4.5097
136	133	4.16796
136	157	4.16796
136	158	4.16796
136	162	4.16796
136	164	4.16796
136	172	4.16796
136	177	4.16796
136	667	0.0260646
136	903	6.84833
137	71	3.13929
137	140	6.4
137	218	3.38533
137	259	3.60218
137	261	3.63334
137	281	3.73905
137	330	3.82702
137	350	3.82826
137	363	3.81819
137	370	3.89793
137	405	3.8994
137	424	4.04989
137	440	4.04493
137	491	4.13272
137	492	4.13272
137	509	4.46975
138	630	2.97202
138	654	6.38275
138	681	3.34829
138	707	3.16806
138	755	3.67725
138	761	3.5723
138	773	3.72371
138	789	3.98416
138	803	4.11789
138	804	3.95474
138	809	3.92835
138	813	4.16081
138	815	4.15202
138	835	4.28014
138	837	4.28014
138	849	4.28014
139	67	3.1604
139	222	3.45771
139	289	3.48798
139	403	3.7134
139	414	3.67154
139	420	3.8034
139	441	3.83455
139	451	3.78841
139	468	4.14892
139	505	4.26248
139	508	4.00216
139	516	3.98045
139	548	4.0962
139	554	4.0962
139	558	4.0962
139	745	6.37229
140	34	3.13229
140	62	3.37846
140	137	6.4
140	251	3.58218
140	258	3.57696
140	272	3.71286
140	301	3.62963
140	309	3.69539
140	374	3.89858
140	383	3.89803
140	466	4.34485
140	471	4.06744
140	490	4.11186
140	515	4.21001
140	521	3.9849
140	569	4.37659
141	37	4.10357
141	39	3.81657
141	54	3.83206
141	83	4.08125
141	102	4.25372
141	117	3.91948
141	125	3.93397
141	130	3.91948
141	156	4.21802
141	215	4.33504
141	231	4.04298
141	266	4.30492
141	285	4.41946
141	286	4.41946
141	428	3.1763
141	467	3.13049
142	19	3.59295
142	110	3.99183
142	135	0.175563
142	200	4.16035
142	235	3.80317
142	279	3.91762
142	296	4.21781
142	305	3.94255
142	308	4.21739
142	325	4.05113
142	333	4.31598
142	348	4.28051
142	364	4.30514
142	392	4.4018
142	402	4.4018
142	619	6.74357
143	380	2.99641
143	422	3.10667
143	486	2.99987
143	586	6.24928
143	596	3.40079
143	642	3.77563
143	643	3.88466
143	648	3.88325
143	654	4.0137
143	668	3.93494
143	699	4.09141
143	715	4.12498
143	716	4.15726
143	737	4.14653
143	770	4.55905
143	779	4.52484
144	4	3.81389
144	44	3.80678
144	67	0.880471
144	76	4.04769
144	88	3.83274
144	103	3.9151
144	205	4.03024
144	209	4.29143
144	210	4.03024
144	212	4.29143
144	216	4.29008
144	252	4.03024
144	293	4.40672
144	303	4.40672
144	312	4.40672
144	618	5.51138
145	71	3.3984
145	218	3.64444
145	261	3.89245
145	272	4.12988
145	281	3.99816
145	330	4.08613
145	361	4.06201
145	363	4.0773
145	370	4.15704
145	405	4.15851
145	424	4.309
145	440	4.30404
145	491	4.39183
145	492	4.39183
145	509	4.72886
145	767	2.26458
146	108	3.33073
146	263	3.64639
146	297	3.37017
146	401	3.80954
146	447	4.1609
146	476	4.02874
146	496	4.18156
146	527	4.38221
146	540	4.24188
146	542	4.24194
146	581	4.54595
146	582	4.34675
146	611	4.65662
146	615	4.65662
146	761	4.01151
146	860	2.45934
147	12	3.50441
147	100	3.90775
147	120	3.93973
147	134	3.64304
147	152	3.94123
147	171	3.93895
147	182	3.60702
147	183	3.64304
147	217	4.0086
147	227	3.74093
147	246	4.0086
147	253	3.74093
147	257	3.74093
147	315	4.11742
147	316	4.11742
147	370	6.4923
148	113	3.99851
148	115	3.72322
148	200	4.17193
148	235	3.81475
148	276	3.95301
148	279	3.9292
148	296	4.22939
148	305	3.95413
148	325	4.06272
148	333	4.32756
148	348	4.2921
148	364	4.31672
148	392	4.41338
148	402	4.41338
148	617	4.56569
148	685	1.89498
149	118	3.01058
149	247	2.77082
149	340	3.09538
149	357	2.9902
149	498	3.7924
149	526	3.86535
149	551	3.96942
149	577	3.81364
149	590	6.39038
149	595	3.86033
149	650	4.31316
149	655	4.36984
149	661	4.38375
149	673	4.39239
149	683	4.44054
149	710	4.53219
150	16	3.3632
150	35	3.62687
150	43	3.36431
150	69	3.67585
150	159	3.79437
150	178	3.79797
150	187	3.89802
150	221	3.64722
150	298	3.73736
150	317	3.72274
150	338	4.12064
150	347	4.10676
150	351	6.39833
150	369	4.21517
150	385	4.22127
150	429	4.30822
151	15	3.74735
151	17	3.78685
151	47	4.13052
151	53	4.09092
151	86	4.07184
151	126	3.8798
151	167	3.90297
151	185	6.4
151	234	4.01614
151	248	4.29602
151	256	4.29885
151	264	4.29885
151	268	4.29465
151	284	4.39262
151	311	4.39262
151	897	0.0775148
152	12	3.80908
152	39	5.77151
152	100	4.21242
152	134	3.94771
152	135	4.22264
152	147	3.94123
152	182	3.91169
152	183	3.94771
152	217	4.31327
152	227	4.0456
152	246	4.31327
152	253	4.0456
152	257	4.0456
152	315	4.42209
152	316	4.42209
152	677	0.656948
153	6	2.76931
153	24	3.03732
153	211	3.33719
153	226	3.35488
153	297	3.24647
153	401	3.68584
153	476	3.90505
153	496	4.05786
153	527	4.25851
153	540	4.11818
153	542	4.11824
153	581	4.42225
153	582	4.22305
153	611	4.53292
153	615	4.53292
153	789	6.41553
154	502	3.19987
154	507	5.42238
154	608	1.10581
154	646	3.92323
154	657	3.7427
154	658	3.97335
154	685	4.01264
154	694	4.06821
154	709	4.20176
154	721	4.20794
154	725	4.10383
154	742	4.31349
154	750	4.3417
154	762	4.35406
154	772	4.46763
154	775	4.6896
155	18	3.68831
155	41	3.66871
155	45	3.61094
155	61	3.96047
155	73	3.67921
155	238	3.9028
155	280	4.26002
155	310	4.26282
155	324	4.38426
155	327	4.36725
155	346	0.0437174
155	358	4.36603
155	387	4.48306
155	395	4.48306
155	417	4.48306
155	691	6.32283
156	37	4.11368
156	39	3.82668
156	54	3.84217
156	83	4.09135
156	92	4.13245
156	117	3.92959
156	125	3.94408
156	130	3.92959
156	141	4.21802
156	215	4.34514
156	231	4.05309
156	266	4.31502
156	285	4.42957
156	286	4.42957
156	855	4.06409
156	957	2.73296
157	31	3.75914
157	64	4.06371
157	78	4.06371
157	87	3.75914
157	89	4.10088
157	128	4.16796
157	132	4.5097
157	133	4.16796
157	136	4.16796
157	158	4.16796
157	162	4.16796
157	164	4.16796
157	172	4.16796
157	177	4.16796
157	332	2.98942
157	814	3.40706
158	31	3.75914
158	64	4.06371
158	78	4.06371
158	87	3.75914
158	89	4.10088
158	128	4.16796
158	132	4.5097
158	133	4.16796
158	136	4.16796
158	157	4.16796
158	162	4.16796
158	164	4.16796
158	172	4.16796
158	177	4.16796
158	584	4.91378
158	622	1.52833
159	32	3.92433
159	43	3.58647
159	69	3.89801
159	150	3.79437
159	187	4.12018
159	242	4.0945
159	298	3.95952
159	302	4.2079
159	317	3.9449
159	338	4.34281
159	347	4.32892
159	385	4.44343
159	416	4.42427
159	429	4.53039
159	689	4.0732
159	737	2.32933
160	6	3.0259
160	173	3.16583
160	211	3.59378
160	297	3.50306
160	401	3.94242
160	447	4.29379
160	477	4.13338
160	496	4.31444
160	527	4.5151
160	542	4.37483
160	581	4.67884
160	582	4.47964
160	611	4.7895
160	615	4.7895
160	699	0.8818
160	728	5.51285
161	46	3.70349
161	60	4.01581
161	63	4.02625
161	93	4.05858
161	124	3.81543
161	169	4.10914
161	193	3.83849
161	208	4.22942
161	229	3.95198
161	240	4.23017
161	273	4.32847
161	287	4.32847
161	294	4.63585
161	300	4.32847
161	501	0.368697
161	945	5.91629
162	31	3.75914
162	64	4.06371
162	78	4.06371
162	87	3.75914
162	89	4.10088
162	128	4.16796
162	132	4.5097
162	133	4.16796
162	136	4.16796
162	157	4.16796
162	158	4.16796
162	164	4.16796
162	172	4.16796
162	177	4.16796
162	662	2.15599
162	721	4.24908
163	23	3.29523
163	84	3.2656
163	96	3.2656
163	174	3.65642
163	175	3.39469
163	186	3.64868
163	189	3.39524
163	194	3.39524
163	203	3.76113
163	207	3.75901
163	237	3.75901
163	245	3.49964
163	269	3.87612
163	282	3.87612
163	304	3.87612
163	314	3.87612
164	31	3.75914
164	64	4.06371
164	78	4.06371
164	87	3.75914
164	89	4.10088
164	120	0.000545557
164	128	4.16796
164	132	4.5097
164	133	4.16796
164	136	4.16796
164	157	4.16796
164	158	4.16796
164	162	4.16796
164	172	4.16796
164	177	4.16796
164	831	6.59396
165	333	5.59585
165	834	3.1338
165	847	2.95927
165	867	3.51561
165	881	3.4281
165	884	3.45542
165	914	3.68874
165	915	3.7388
165	944	4.06293
165	945	4.04647
165	958	4.08824
165	964	4.35661
165	973	4.22109
165	982	4.20778
165	983	4.40127
165	985	4.29587
166	11	3.49862
166	129	3.65182
166	220	3.88194
166	290	3.88073
166	329	4.04696
166	378	4.12128
166	428	4.22918
166	433	4.24177
166	446	4.26372
166	449	4.24177
166	469	4.33154
166	474	4.31796
166	499	4.44636
166	506	4.44636
166	581	2.1065
166	749	4.04104
167	15	3.4616
167	17	3.5011
167	47	3.84476
167	53	3.80516
167	66	3.48366
167	126	3.59404
167	151	3.90297
167	201	4.01725
167	234	3.73038
167	248	4.01026
167	256	4.01309
167	264	4.01309
167	268	4.0089
167	284	4.10687
167	311	4.10687
167	406	6.41335
168	5	3.2186
168	20	2.94578
168	122	3.42356
168	180	3.40263
168	228	3.42943
168	288	3.72529
168	396	3.85509
168	408	3.84605
168	461	3.95557
168	480	4.32009
168	487	4.08273
168	500	4.18519
168	510	4.18519
168	544	4.5124
168	561	4.5124
168	670	6.62461
169	46	3.72897
169	60	4.04128
169	63	4.05172
169	97	3.75289
169	124	3.84091
169	161	4.10914
169	193	3.86396
169	208	4.25489
169	229	3.97746
169	240	4.25564
169	273	4.35394
169	287	4.35394
169	294	4.66133
169	300	4.35394
169	595	0.117218
169	604	6.64684
170	3	6.4
170	176	3.44835
170	197	3.31348
170	204	3.498
170	267	3.61377
170	328	3.69273
170	332	3.71308
170	368	3.83724
170	412	3.8875
170	413	3.84044
170	419	4.21008
170	421	3.96757
170	445	4.24831
170	456	3.9562
170	467	4.31315
170	482	4.06011
171	12	3.8068
171	120	4.24212
171	134	3.94542
171	135	4.22036
171	147	3.93895
171	182	3.90941
171	183	3.94542
171	217	4.31099
171	227	4.04332
171	246	4.31099
171	253	4.04332
171	257	4.04332
171	315	4.4198
171	316	4.4198
171	400	0.000751902
