1	29	3.43425
1	66	4.02748
1	77	4.02748
1	80	4.10968
1	81	4.11049
1	93	3.81387
1	94	4.11049
1	100	4.11049
1	139	4.11049
1	144	3.81387
1	162	4.20555
1	164	6.074
1	177	4.20555
1	223	4.20555
1	752	0.000667365
2	26	3.73157
2	32	3.71199
2	72	3.69127
2	76	3.39222
2	83	3.76113
2	87	3.80102
2	90	3.49177
2	118	3.49563
2	178	3.88633
2	191	3.89129
2	198	3.86209
2	200	3.60534
2	228	3.98182
2	256	3.98182
2	614	5.73327
3	187	2.97659
3	211	2.78527
3	389	3.44905
3	470	3.56076
3	475	3.57335
3	482	3.648
3	513	3.72834
3	522	4.24715
3	529	3.87602
3	533	3.82346
3	541	4.07538
3	577	4.15474
3	584	4.15621
3	625	4.23097
3	924	5.8069
4	388	3.26406
4	393	2.2733
4	459	3.75955
4	505	3.6586
4	561	3.92504
4	579	4.07518
4	611	3.95012
4	619	4.18319
4	644	4.02426
4	658	4.23424
4	660	3.99622
4	701	4.40494
4	704	4.40494
4	713	4.40494
4	839	3.4641
5	10	3.75754
5	19	3.76697
5	20	4.02399
5	62	3.75754
5	89	3.87072
5	91	3.87072
5	95	4.1709
5	101	3.87072
5	111	4.1466
5	155	4.2624
5	186	4.2624
5	204	4.2624
5	208	4.2624
5	618	6.6762
5	767	0.772157
6	715	2.38634
6	847	2.79037
6	888	5.82541
6	892	3.30472
6	912	3.53076
6	922	3.65596
6	924	3.82637
6	928	3.67162
6	930	3.72912
6	947	4.02324
6	957	4.03389
6	973	4.32916
6	976	4.34792
6	990	4.24408
6	992	4.41171
7	25	3.68556
7	37	4.01415
7	86	3.80193
7	88	3.80193
7	103	4.10483
7	108	4.09785
7	109	4.09785
7	136	3.80193
7	141	4.10483
7	181	4.19361
7	184	4.19361
7	188	4.19361
7	210	4.19361
7	401	3.21819
7	765	2.31595
8	38	3.39979
8	46	3.66807
8	51	3.69258
8	52	3.36806
8	60	3.68664
8	74	3.70223
8	101	6.4
8	113	3.81208
8	129	3.47889
8	163	3.90228
8	176	3.90922
8	182	3.87283
8	197	3.90922
8	212	3.89332
8	231	3.99006
9	150	3.82087
9	152	3.52583
9	175	3.78056
9	233	3.90715
9	287	4.01084
9	299	4.01422
9	346	4.1216
9	352	4.10989
9	356	4.1279
9	413	4.21661
9	420	4.21661
9	440	4.21661
9	441	4.21661
9	487	5.85117
9	938	0.00251621
10	5	3.75754
10	19	3.47324
10	33	3.4659
10	62	3.46381
10	65	3.78918
10	89	3.57698
10	91	3.57698
10	95	3.87716
10	101	3.57698
10	111	3.85286
10	155	3.96866
10	186	3.96866
10	204	3.96866
10	208	3.96866
10	297	5.74404
11	29	3.46589
11	59	3.73006
11	66	4.05912
11	77	4.05912
11	81	4.14213
11	93	3.84551
11	94	4.14213
11	100	4.14213
11	139	4.14213
11	144	3.84551
11	162	4.23719
11	177	4.23719
11	223	4.23719
11	836	4.11287
11	895	1.58242
12	92	3.83559
12	131	3.55595
12	132	3.77611
12	189	3.93927
12	250	3.77959
12	260	4.01893
12	278	3.78331
12	309	4.12011
12	331	4.14462
12	355	4.24307
12	366	4.24307
12	371	4.24307
12	444	4.60261
12	559	1.31197
12	994	4.36196
13	112	3.43635
13	146	3.11481
13	185	3.54168
13	236	3.63888
13	285	3.73814
13	326	3.74653
13	333	3.75589
13	351	3.87931
13	373	3.87931
13	378	3.82713
13	392	3.86516
13	421	3.95403
13	427	3.95403
13	435	5.83543
13	445	3.95403
14	190	3.23853
14	229	3.15277
14	237	3.15194
14	319	3.47108
14	338	3.48295
14	383	3.59666
14	428	3.7248
14	447	3.70042
14	490	3.9233
14	501	3.9233
14	518	4.16797
14	535	4.25052
14	544	4.25052
14	548	4.25052
14	926	5.8071
15	283	3.0866
15	361	4.16907
15	362	2.22448
15	375	3.53051
15	386	3.41092
15	496	3.84913
15	536	3.93199
15	543	4.14308
15	571	4.23919
15	578	4.21061
15	616	4.32319
15	638	4.34392
15	639	4.36162
15	663	4.42726
15	668	4.42726
16	21	3.88275
16	44	3.82986
16	98	3.70852
16	115	3.67055
16	170	4.08206
16	207	3.81484
16	221	4.07854
16	252	4.17232
16	254	4.1607
16	270	4.17039
16	277	4.16779
16	303	4.27347
16	328	4.27347
16	471	3.11007
16	625	2.58269
17	479	2.56482
17	648	3.07134
17	653	3.31267
17	730	3.49562
17	755	3.58146
17	783	3.76506
17	784	3.82542
17	788	4.1098
17	805	5.6991
17	811	4.12437
17	814	3.92305
17	820	4.12653
17	829	4.06235
17	836	4.14084
17	854	4.18194
18	209	2.46828
18	498	3.31415
18	507	3.15624
18	547	3.22524
18	568	3.22176
18	623	3.9673
18	702	5.71265
18	710	3.74033
18	739	4.34029
18	742	4.09746
18	746	4.26107
18	749	4.13659
18	753	4.08583
18	754	4.08583
18	762	4.1849
19	5	3.76697
19	10	3.47324
19	20	3.73968
19	33	3.47534
19	62	3.47324
19	65	3.79861
19	89	3.58641
19	91	3.58641
19	95	3.88659
19	101	3.58641
19	155	3.97809
19	186	3.97809
19	204	3.97809
19	208	3.97809
19	552	5.75846
20	5	4.02399
20	19	3.73968
20	33	3.73235
20	65	4.05562
20	89	3.84343
20	91	3.84343
20	95	4.14361
20	101	3.84343
20	111	4.11931
20	155	4.23511
20	186	4.23511
20	204	4.23511
20	208	4.23511
20	498	0.269197
20	779	5.57289
21	16	3.88275
21	98	3.7241
21	105	3.68709
21	115	3.68613
21	207	3.83041
21	216	4.0701
21	221	4.09411
21	254	4.17628
21	263	4.18686
21	270	4.18597
21	277	4.18337
21	303	4.28905
21	328	4.28905
21	377	3.07067
21	486	2.85282
22	218	3.85358
22	219	3.60951
22	220	3.86377
22	262	3.97375
22	269	3.9803
22	272	3.96246
22	281	3.95953
22	290	3.82825
22	357	4.17892
22	372	4.17892
22	385	4.17892
22	401	4.17892
22	409	4.53846
22	735	4.70096
22	754	1.20545
23	375	3.21626
23	387	3.22844
23	391	3.17962
23	452	5.58122
23	471	3.37744
23	496	3.53487
23	543	3.82882
23	557	3.79646
23	571	3.92493
23	596	3.88646
23	616	4.00893
23	638	4.02966
23	639	4.04736
23	663	4.11301
23	668	4.11301
24	25	3.40205
24	37	3.73065
24	53	3.68556
24	86	3.51842
24	88	3.51842
24	103	3.82132
24	108	3.81435
24	109	3.81435
24	136	3.51842
24	141	3.82132
24	181	3.9101
24	184	3.9101
24	188	3.9101
24	210	3.9101
24	422	5.25737
25	7	3.68556
25	24	3.40205
25	37	3.73065
25	86	3.51842
25	88	3.51842
25	103	3.82132
25	108	3.81435
25	109	3.81435
25	136	3.51842
25	141	3.82132
25	181	3.9101
25	184	3.9101
25	188	3.9101
25	210	3.9101
25	647	5.79353
26	2	3.73157
26	32	4.04049
26	72	4.01977
26	76	3.72073
26	83	4.08963
26	90	3.82027
26	118	3.82413
26	142	4.07382
26	191	4.21979
26	198	4.19059
26	200	3.93384
26	228	4.31032
26	256	4.31032
26	769	6.40874
26	897	0.197106
27	92	0.919539
27	390	3.45292
27	473	3.71274
27	484	3.72595
27	491	3.80256
27	514	3.84632
27	576	4.03695
27	585	4.03695
27	594	4.03695
27	602	4.24671
27	620	4.34681
27	629	4.34681
27	636	4.34681
27	640	4.34681
27	778	5.03748
28	472	5.60379
28	773	2.66838
28	806	0.104642
28	819	3.15954
28	863	3.62105
28	878	3.75968
28	887	3.66243
28	897	3.72928
28	902	4.06235
28	934	4.19498
28	971	4.57781
28	981	4.70065
28	987	4.59757
28	996	4.77172
28	999	4.77984
29	1	3.43425
29	11	3.46589
29	59	3.14732
29	66	3.47638
29	77	3.47638
29	80	3.55858
29	81	3.55939
29	93	3.26277
29	94	3.55939
29	100	3.55939
29	139	3.55939
29	144	3.26277
29	162	3.65445
29	177	3.65445
29	223	3.65445
30	120	3.52696
30	122	3.56397
30	183	3.55704
30	337	3.80113
30	377	3.9372
30	433	4.0485
30	448	0.00149183
30	456	4.12268
30	457	4.16075
30	487	4.2487
30	509	4.24542
30	512	4.45635
30	524	4.26736
30	564	4.34919
30	646	6.52732
31	172	5.80694
31	244	2.46647
31	360	2.72498
31	411	2.88882
31	434	2.83
31	582	3.29119
31	686	3.66402
31	719	4.01565
31	734	4.13785
31	747	4.18103
31	750	4.32235
31	764	4.27694
31	799	4.40722
31	813	4.40722
31	822	4.67154
32	2	3.71199
32	26	4.04049
32	76	3.70115
32	87	4.10994
32	90	3.80069
32	118	3.80455
32	142	4.05424
32	178	4.19525
32	191	4.20021
32	198	4.17101
32	200	3.91426
32	228	4.29074
32	256	4.29074
32	427	6.36497
32	965	0.188459
33	10	3.4659
33	19	3.47534
33	20	3.73235
33	62	3.4659
33	65	3.79128
33	89	3.57908
33	91	3.57908
33	95	3.87926
33	101	3.57908
33	111	3.85496
33	155	3.97076
33	186	3.97076
33	204	3.97076
33	208	3.97076
33	863	5.86667
34	379	2.44667
34	450	2.76081
34	550	2.76939
34	708	3.57983
34	717	3.62827
34	728	3.73051
34	743	3.8682
34	766	3.89684
34	779	3.9778
34	780	4.15871
34	783	5.85442
34	786	4.27605
34	827	4.27277
34	849	4.55081
34	851	4.36861
35	284	2.50005
35	431	4.31695
35	464	1.46829
35	528	2.97444
35	545	3.10579
35	572	3.50646
35	698	3.65517
35	736	3.79914
35	787	3.95437
35	805	4.28134
35	891	4.84293
35	900	4.89153
35	903	4.8856
35	913	4.94422
35	916	4.94422
36	70	2.59163
36	224	3.1244
36	350	3.48375
36	398	3.52146
36	460	3.6775
36	474	4.01437
36	478	3.68452
36	519	3.80755
36	521	3.77453
36	540	3.90912
36	566	4.1614
36	587	3.99894
36	600	4.22731
36	615	4.3088
36	996	5.87002
37	7	4.01415
37	24	3.73065
37	25	3.73065
37	53	4.01415
37	86	3.84702
37	88	3.84702
37	103	4.14992
37	136	3.84702
37	141	4.14992
37	181	4.2387
37	184	4.2387
37	188	4.2387
37	210	4.2387
37	396	1.57195
37	984	4.12796
38	8	3.39979
38	46	3.68405
38	51	3.70856
38	52	3.38404
38	74	3.71821
38	96	3.49599
38	113	3.82806
38	129	3.49487
38	157	3.88767
38	163	3.91826
38	176	3.9252
38	197	3.9252
38	212	3.9093
38	231	4.00604
38	676	5.77042
39	92	3.58657
39	124	3.5611
39	131	3.30693
39	132	3.52709
39	158	5.82013
39	189	3.69025
39	250	3.53057
39	273	3.79342
39	276	3.52376
39	278	3.53429
39	331	3.89559
39	355	3.99404
39	366	3.99404
39	371	3.99404
39	444	4.35359
40	570	3.20895
40	618	1.65663
40	650	2.523
40	899	3.55453
40	929	3.7063
40	942	3.88951
40	956	4.12697
40	965	4.2596
40	980	4.41603
40	986	4.40231
40	989	4.3918
40	991	4.42598
40	994	4.48521
40	997	4.48521
40	998	4.48521
41	344	5.76294
41	761	2.35645
41	857	2.97895
41	889	3.3253
41	892	3.22443
41	911	3.64398
41	919	3.60798
41	921	3.61454
41	947	3.94295
41	973	4.24887
41	976	4.26763
41	978	4.25789
41	979	4.32108
41	990	4.16379
41	992	4.33143
42	138	3.39113
42	195	3.66664
42	205	3.45476
42	226	4.02156
42	243	3.77908
42	261	3.80876
42	266	4.03828
42	289	4.1602
42	300	4.16769
42	311	4.1602
42	348	4.25702
42	367	4.25702
42	381	4.25702
42	397	4.25702
42	971	2.58927
43	245	5.6507
43	282	3.34316
43	295	3.34287
43	325	3.33193
43	350	3.42728
43	398	3.465
43	474	3.9579
43	478	3.62805
43	489	3.71477
43	519	3.75108
43	540	3.85265
43	566	4.10493
43	587	3.94247
43	600	4.17085
43	615	4.25234
44	16	3.82986
44	50	3.81651
44	98	3.67121
44	170	4.04475
44	207	3.77752
44	216	4.01721
44	252	4.135
44	254	4.12339
44	263	4.13397
44	270	4.13307
44	277	4.13048
44	303	4.23616
44	328	4.23616
44	501	3.5231
44	986	2.29333
45	48	3.2606
45	143	3.58303
45	235	3.58223
45	335	3.91985
45	337	3.88577
45	359	4.04769
45	372	1.27842
45	433	4.13313
45	456	4.20731
45	464	4.21644
45	487	4.33334
45	509	4.33006
45	524	4.352
45	564	4.43382
45	910	4.60419
46	8	3.66807
46	38	3.68405
46	60	3.9709
46	96	3.76427
46	113	4.09634
46	129	3.76315
46	157	4.15595
46	163	4.18655
46	176	4.19348
46	182	4.1571
46	197	4.19348
46	212	4.17759
46	231	4.27433
46	384	1.76096
46	974	3.95512
47	737	2.66618
47	778	2.80666
47	889	3.69882
47	898	3.85333
47	911	4.01749
47	912	3.82398
47	928	3.96485
47	929	3.70273
47	934	2.15125
47	957	4.32712
47	973	4.62239
47	976	4.64114
47	978	4.6314
47	979	4.6946
47	990	4.53731
48	45	3.2606
48	120	3.32429
48	122	3.36131
48	235	3.29493
48	315	3.61817
48	335	3.63254
48	359	3.76038
48	433	3.84583
48	457	3.95808
48	464	3.92913
48	487	4.04603
48	509	4.04276
48	524	4.0647
48	564	4.14652
48	974	5.76108
49	71	3.28734
49	127	3.40818
49	185	3.54246
49	259	3.59152
49	285	3.73892
49	326	3.74731
49	329	3.72228
49	333	3.75668
49	351	3.88009
49	373	3.88009
49	392	3.86595
49	421	3.95482
49	427	3.95482
49	445	3.95482
49	535	5.79218
50	44	3.81651
50	98	3.69517
50	105	3.65815
50	170	4.06871
50	207	3.80148
50	216	4.04117
50	221	4.06518
50	252	4.15896
50	254	4.14735
50	263	4.15793
50	277	4.15444
50	303	4.26012
50	328	4.26012
50	767	6.01601
50	870	0.00115236
51	8	3.69258
51	38	3.70856
51	52	3.67683
51	96	3.78878
51	113	4.12085
51	129	3.78766
51	157	4.18046
51	163	4.21105
51	176	4.21799
51	182	4.1816
51	197	4.21799
51	212	4.20209
51	231	4.29883
51	261	7.63675
51	681	0.000147929
52	8	3.36806
52	38	3.38404
52	51	3.67683
52	60	3.67089
52	74	3.68648
52	96	3.46426
52	113	3.79633
52	157	3.85594
52	163	3.88653
52	176	3.89347
52	182	3.85708
52	197	3.89347
52	212	3.87757
52	231	3.97431
52	258	5.80444
53	24	3.68556
53	37	4.01415
53	86	3.80193
53	88	3.80193
53	103	4.10483
53	108	4.09785
53	109	4.09785
53	136	3.80193
53	141	4.10483
53	181	4.19361
53	184	4.19361
53	188	4.19361
53	210	4.19361
53	216	0.0606487
53	737	5.75774
54	92	3.54708
54	131	3.26744
54	189	3.65076
54	250	3.49108
54	260	3.73042
54	273	3.75393
54	276	3.48427
54	278	3.4948
54	309	3.83161
54	331	3.85611
54	355	3.95456
54	366	3.95456
54	371	3.95456
54	444	4.3141
54	450	6.10866
55	196	3.25486
55	206	2.99212
55	314	3.23194
55	486	4.76739
55	491	3.94383
55	505	1.11894
55	514	3.98758
55	576	4.17821
55	585	4.17821
55	594	4.17821
55	602	4.38797
55	620	4.48808
55	629	4.48808
55	636	4.48808
55	640	4.48808
56	347	2.62944
56	382	6.12905
56	479	0.000763958
56	681	3.64256
56	709	3.64641
56	711	3.74197
56	752	4.11301
56	769	3.9974
56	795	4.28955
56	800	4.21173
56	806	4.37332
56	807	4.21173
56	821	4.47605
56	825	4.47605
56	831	4.47605
57	145	3.28692
57	179	3.69828
57	205	3.17821
57	226	3.74501
57	243	3.50254
57	261	3.53221
57	266	3.76173
57	289	3.88366
57	300	3.89115
57	311	3.88366
57	348	3.98048
57	367	3.98048
57	381	3.98048
57	397	3.98048
57	728	5.53023
58	636	5.81611
58	669	2.54659
58	802	3.64645
58	828	3.6177
58	833	3.5512
58	843	3.68616
58	846	3.5454
58	850	3.85024
58	852	3.89658
58	866	3.90974
58	868	3.75521
58	874	3.99327
58	881	3.99981
58	885	4.11211
58	895	4.17481
59	11	3.73006
59	29	3.14732
59	66	3.74056
59	77	3.74056
59	80	3.82276
59	81	3.82356
59	93	3.52695
59	94	3.82356
59	100	3.82356
59	139	3.82356
59	144	3.52695
59	162	3.91863
59	177	3.91863
59	223	3.91863
59	524	5.85102
60	8	3.68664
60	46	3.9709
60	52	3.67089
60	74	4.00506
60	96	3.78284
60	113	4.11491
60	129	3.78172
60	157	4.17452
60	163	4.20511
60	176	4.21205
60	182	4.17566
60	197	4.21205
60	231	4.29289
60	428	2.07996
60	723	3.78345
61	357	0.000544604
61	516	2.62416
61	688	3.39199
61	696	3.41202
61	777	3.82834
61	812	4.17433
61	815	4.18321
61	839	4.26715
61	840	4.20238
61	841	4.39476
61	853	4.4178
61	860	4.39222
61	862	4.49846
61	864	4.49846
61	963	5.85428
62	5	3.75754
62	10	3.46381
62	19	3.47324
62	33	3.4659
62	65	3.78918
62	89	3.57698
62	91	3.57698
62	95	3.87716
62	101	3.57698
62	111	3.85286
62	155	3.96866
62	186	3.96866
62	204	3.96866
62	208	3.96866
62	419	5.78138
63	76	4.00802
63	83	4.37692
63	87	4.41681
63	90	4.10756
63	118	4.11142
63	142	4.36111
63	178	4.50212
63	191	4.50708
63	198	4.47788
63	200	4.22113
63	228	4.59761
63	256	4.59761
63	558	2.56647
63	697	3.5118
63	975	0.123343
64	180	3.50066
64	234	3.28684
64	253	3.33782
64	271	3.29056
64	286	3.61852
64	288	3.61389
64	345	3.79527
64	370	3.72304
64	393	3.76741
64	407	3.89686
64	424	5.813
64	466	3.93947
64	503	4.31461
64	504	4.05488
64	526	4.14546
65	10	3.78918
65	19	3.79861
65	20	4.05562
65	33	3.79128
65	62	3.78918
65	89	3.90235
65	91	3.90235
65	101	3.90235
65	111	4.17823
65	152	7.00928
65	155	4.29403
65	186	4.29403
65	204	4.29403
65	208	4.29403
65	912	0.0327191
66	1	4.02748
66	11	4.05912
66	29	3.47638
66	59	3.74056
66	77	4.06961
66	80	4.15181
66	81	4.15262
66	93	3.85601
66	94	4.15262
66	144	3.85601
66	162	4.24769
66	177	4.24769
66	223	4.24769
66	233	1.51978
66	856	4.30704
67	81	0.000939324
67	292	2.83176
67	434	3.069
67	493	3.34072
67	497	3.31909
67	635	3.66361
67	719	4.25465
67	724	4.29058
67	734	4.37686
67	747	4.42004
67	764	4.51595
67	799	4.64623
67	813	4.64623
67	822	4.91054
67	882	5.95235
68	138	3.77415
68	172	3.86669
68	219	3.61665
68	220	3.87091
68	269	3.98743
68	272	3.9696
68	290	3.83539
68	297	4.07465
68	357	4.18605
68	372	4.18605
68	385	4.18605
68	401	4.18605
68	409	4.54559
68	475	1.00937
68	949	4.8416
69	104	2.22824
69	151	1.93987
69	386	5.76354
69	450	2.86275
69	637	3.3016
69	726	3.81405
69	728	3.83244
69	743	3.97013
69	766	3.99878
69	780	4.26065
69	786	4.37798
69	796	4.20081
69	827	4.3747
69	849	4.65274
69	851	4.47054
70	36	2.59163
70	295	3.38832
70	325	3.37737
70	398	3.51044
70	460	3.66647
70	474	4.00335
70	478	3.67349
70	489	3.76022
70	521	3.76351
70	540	3.8981
70	566	4.15038
70	587	3.98792
70	600	4.21629
70	615	4.29778
70	795	5.80693
71	49	3.28734
71	112	3.73148
71	236	3.93401
71	259	3.88587
71	329	4.01663
71	333	4.05102
71	351	4.17444
71	373	4.17444
71	378	4.12226
71	392	4.1603
71	421	4.24916
71	427	4.24916
71	445	4.24916
71	631	3.5288
71	971	2.37739
72	2	3.69127
72	26	4.01977
72	76	3.68043
72	83	4.04933
72	87	4.08922
72	118	3.78383
72	142	4.03352
72	178	4.17453
72	191	4.17949
72	198	4.15029
72	200	3.89354
72	228	4.27003
72	256	4.27003
72	700	2.85018
72	909	2.9886
73	483	1.24619
73	506	5.57765
73	844	2.80123
73	880	3.44844
73	919	3.7296
73	921	3.73615
73	922	3.69729
73	931	3.78075
73	935	3.99741
73	940	3.91708
73	973	4.37049
73	978	4.3795
73	979	4.4427
73	990	4.28541
73	992	4.45304
74	8	3.70223
74	38	3.71821
74	52	3.68648
74	60	4.00506
74	96	3.79843
74	129	3.79731
74	157	4.19011
74	163	4.2207
74	176	4.22764
74	182	4.19125
74	197	4.22764
74	212	4.21174
74	231	4.30848
74	454	2.19595
74	891	3.43865
75	286	3.97357
75	502	2.89568
75	569	2.98016
75	653	3.61681
75	735	3.66459
75	784	4.12956
75	785	4.11558
75	788	4.41394
75	792	2.13369
75	811	4.42851
75	814	4.22719
75	829	4.36649
75	836	4.44498
75	842	4.5157
75	854	4.48608
76	2	3.39222
76	26	3.72073
76	32	3.70115
76	63	4.00802
76	72	3.68043
76	87	3.79018
76	90	3.48092
76	118	3.48479
76	142	3.73447
76	178	3.87548
76	191	3.88044
76	200	3.59449
76	228	3.97098
76	256	3.97098
76	685	5.77469
77	1	4.02748
77	11	4.05912
77	29	3.47638
77	59	3.74056
77	66	4.06961
77	80	4.15181
77	93	3.85601
77	100	4.15262
77	139	4.15262
77	144	3.85601
77	162	4.24769
77	177	4.24769
77	223	4.24769
77	228	0.000127968
77	868	7.13594
78	500	5.79006
78	651	2.76519
78	653	3.21646
78	672	3.26326
78	755	3.48524
78	784	3.7292
78	785	3.71523
78	788	4.01358
78	811	4.02815
78	814	3.82683
78	820	4.03031
78	829	3.96613
78	836	4.04462
78	842	4.11534
78	854	4.08572
79	175	3.8619
79	215	3.60888
79	233	3.98848
79	287	4.09218
79	299	4.09555
79	322	4.08004
79	330	4.08256
79	346	4.20294
79	356	4.20923
79	394	4.18644
79	413	4.29795
79	420	4.29795
79	440	4.29795
79	441	4.29795
79	683	5.35413
79	997	1.15899
80	1	4.10968
80	29	3.55858
80	59	3.82276
80	66	4.15181
80	77	4.15181
80	81	4.23482
80	93	3.93821
80	94	4.23482
80	100	4.23482
80	139	4.23482
80	144	3.93821
80	162	4.32989
80	177	4.32989
80	223	4.32989
80	412	3.98573
80	647	2.41263
81	1	4.11049
81	11	4.14213
81	29	3.55939
81	59	3.82356
81	66	4.15262
81	67	0.000939324
81	80	4.23482
81	93	3.93901
81	94	4.23563
81	100	4.23563
81	139	4.23563
81	144	3.93901
81	162	4.33069
81	177	4.33069
81	223	4.33069
81	999	6.46209
82	203	3.19414
82	214	3.48868
82	237	3.34625
82	239	3.09222
82	264	3.60379
82	267	3.56744
82	319	3.66539
82	383	3.79097
82	428	3.91911
82	490	4.11762
82	501	4.11762
82	518	4.36228
82	535	4.44483
82	544	4.44483
82	548	4.44483
82	755	6.3854
83	2	3.76113
83	26	4.08963
83	63	4.37692
83	72	4.04933
83	87	4.15908
83	90	3.84983
83	118	3.85369
83	142	4.10337
83	178	4.24438
83	191	4.24935
83	198	4.22015
83	200	3.9634
83	228	4.33988
83	256	4.33988
83	381	1.17436
83	585	5.27011
84	563	6.22325
84	618	1.97378
84	641	1.67843
84	642	1.84817
84	677	2.15869
84	899	3.87167
84	914	3.97409
84	942	4.20665
84	965	4.57675
84	980	4.73317
84	986	4.71946
84	989	4.70894
84	991	4.74313
84	994	4.80235
84	997	4.80235
84	998	4.80235
85	534	1.83217
85	539	4.49246
85	689	1.97771
85	791	3.04986
85	855	3.52634
85	877	3.83268
85	879	3.78083
85	888	3.80369
85	932	4.16653
85	950	4.54927
85	963	4.63068
85	971	4.74409
85	981	4.86693
85	995	4.93282
85	996	4.938
85	999	4.94612
86	7	3.80193
86	24	3.51842
86	25	3.51842
86	37	3.84702
86	53	3.80193
86	88	3.63479
86	103	3.93769
86	108	3.93072
86	109	3.93072
86	136	3.63479
86	141	3.93769
86	181	4.02647
86	184	4.02647
86	188	4.02647
86	210	4.02647
86	916	6.53609
87	2	3.80102
87	32	4.10994
87	63	4.41681
87	72	4.08922
87	76	3.79018
87	83	4.15908
87	90	3.88972
87	118	3.89358
87	142	4.14327
87	178	4.28428
87	198	4.26004
87	200	4.00329
87	228	4.37978
87	256	4.37978
87	488	1.58893
87	792	4.94702
88	7	3.80193
88	24	3.51842
88	25	3.51842
88	37	3.84702
88	53	3.80193
88	86	3.63479
88	103	3.93769
88	108	3.93072
88	109	3.93072
88	136	3.63479
88	141	3.93769
88	181	4.02647
88	184	4.02647
88	188	4.02647
88	210	4.02647
88	965	6.57934
89	5	3.87072
89	10	3.57698
89	19	3.58641
89	20	3.84343
89	33	3.57908
89	62	3.57698
89	65	3.90235
89	91	3.69016
89	95	3.99034
89	101	3.69016
89	111	3.96604
89	155	4.08184
89	186	4.08184
89	204	4.08184
89	208	4.08184
89	702	6.30318
90	2	3.49177
90	26	3.82027
90	32	3.80069
90	63	4.10756
90	76	3.48092
90	83	3.84983
90	87	3.88972
90	118	3.58433
90	142	3.83402
90	163	6.3517
90	178	3.97503
90	191	3.97999
90	198	3.95079
90	200	3.69404
90	228	4.07052
90	256	4.07052
91	5	3.87072
91	10	3.57698
91	19	3.58641
91	20	3.84343
91	33	3.57908
91	62	3.57698
91	65	3.90235
91	89	3.69016
91	95	3.99034
91	101	3.69016
91	111	3.96604
91	155	4.08184
91	186	4.08184
91	204	4.08184
91	208	4.08184
91	950	6.38808
92	12	3.83559
92	27	0.919539
92	39	3.58657
92	54	3.54708
92	124	3.9786
92	132	3.94458
92	250	3.94806
92	273	4.21091
92	276	3.94125
92	309	4.28858
92	331	4.31309
92	355	4.41154
92	366	4.41154
92	371	4.41154
92	444	4.77108
92	597	5.4033
93	1	3.81387
93	11	3.84551
93	29	3.26277
93	59	3.52695
93	66	3.85601
93	77	3.85601
93	80	3.93821
93	81	3.93901
93	94	3.93901
93	100	3.93901
93	139	3.93901
93	144	3.6424
93	162	4.03408
93	177	4.03408
93	223	4.03408
93	915	6.37434
94	1	4.11049
94	11	4.14213
94	29	3.55939
94	59	3.82356
94	66	4.15262
94	80	4.23482
94	81	4.23563
94	93	3.93901
94	100	4.23563
94	116	5.46219e-05
94	139	4.23563
94	144	3.93901
94	162	4.33069
94	177	4.33069
94	223	4.33069
94	773	6.46381
95	5	4.1709
95	10	3.87716
95	19	3.88659
95	20	4.14361
95	33	3.87926
95	62	3.87716
95	89	3.99034
95	91	3.99034
95	101	3.99034
95	111	4.26622
95	155	4.38202
95	186	4.38202
95	204	4.38202
95	208	4.38202
95	543	3.1367
95	653	3.20382
96	38	3.49599
96	46	3.76427
96	51	3.78878
96	52	3.46426
96	60	3.78284
96	74	3.79843
96	113	3.90828
96	129	3.57509
96	157	3.96789
96	163	3.99848
96	176	4.00542
96	182	3.96903
96	197	4.00542
96	212	3.98952
96	231	4.08626
96	411	6.17364
97	114	3.19903
97	116	3.53567
97	117	2.87121
97	156	3.30676
97	198	6.30824
97	227	3.44424
97	249	3.43149
97	374	3.61183
97	436	3.74913
97	499	3.94094
97	593	4.16839
97	598	4.44007
97	601	4.40397
97	605	4.26865
97	643	4.61465
97	645	4.61397
98	16	3.70852
98	21	3.7241
98	44	3.67121
98	50	3.69517
98	105	3.51285
98	115	3.5119
98	170	3.92341
98	207	3.65618
98	221	3.91988
98	252	4.01366
98	263	4.01262
98	270	4.01173
98	277	4.00913
98	303	4.11482
98	328	4.11482
98	406	6.72973
99	557	6.22765
99	823	2.81385
99	848	2.965
99	917	3.53639
99	918	3.56814
99	949	3.75747
99	959	3.78384
99	966	3.86943
99	967	4.0326
99	969	3.99208
99	974	4.15143
99	977	4.17525
99	983	4.22042
99	984	4.25968
99	985	4.18317
99	993	4.29124
100	1	4.11049
100	11	4.14213
100	29	3.55939
100	59	3.82356
100	77	4.15262
100	80	4.23482
100	81	4.23563
100	93	3.93901
100	94	4.23563
100	139	4.23563
100	144	3.93901
100	145	6.4
100	162	4.33069
100	177	4.33069
100	223	4.33069
100	577	0.0808932
101	5	3.87072
101	8	6.4
101	10	3.57698
101	19	3.58641
101	20	3.84343
101	33	3.57908
101	62	3.57698
101	65	3.90235
101	89	3.69016
101	91	3.69016
101	95	3.99034
101	111	3.96604
101	155	4.08184
101	186	4.08184
101	204	4.08184
101	208	4.08184
102	461	1.79058
102	550	3.82429
102	656	2.73403
102	808	3.07187
102	877	3.85143
102	887	3.84745
102	902	4.24738
102	934	4.38001
102	950	4.56801
102	963	4.64943
102	982	4.80402
102	987	4.7826
102	988	2.51706
102	995	4.95157
102	996	4.95675
102	999	4.96487
103	7	4.10483
103	24	3.82132
103	25	3.82132
103	37	4.14992
103	53	4.10483
103	86	3.93769
103	88	3.93769
103	108	4.23362
103	109	4.23362
103	136	3.93769
103	181	4.32937
103	184	4.32937
103	188	4.32937
103	210	4.32937
103	231	1.49073
103	755	4.85526
104	69	2.22824
104	151	2.59388
104	180	3.70075
104	225	2.75028
104	456	2.67409
104	563	3.82916
104	608	3.76618
104	666	3.9768
104	708	4.33578
104	726	4.46806
104	743	4.62414
104	766	4.65279
104	780	4.91466
104	827	5.02871
104	849	5.30676
104	851	5.12455
105	21	3.68709
105	50	3.65815
105	98	3.51285
105	115	3.47488
105	170	3.88639
105	207	3.61917
105	216	3.85885
105	221	3.88287
105	252	3.97665
105	254	3.96503
105	263	3.97561
105	270	3.97472
105	277	3.97212
105	303	4.07781
105	328	4.07781
105	492	6.35783
106	282	3.75108
106	325	3.73984
106	344	3.62855
106	350	3.83519
106	404	3.84594
106	460	4.02894
106	489	4.12268
106	519	4.159
106	521	4.12597
106	540	4.26057
106	566	4.51285
106	587	4.35038
106	600	4.57876
106	615	4.66025
106	624	3.29053
106	769	3.86172
107	477	3.21102
107	631	3.66172
107	652	3.81005
107	654	4.01404
107	659	3.7894
107	680	4.11009
107	684	2.7033
107	692	4.13168
107	700	4.17803
107	733	4.31151
107	759	4.47649
107	772	4.47649
107	774	4.47649
107	775	4.47649
107	776	4.47649
107	888	3.72713
108	7	4.09785
108	24	3.81435
108	25	3.81435
108	53	4.09785
108	86	3.93072
108	88	3.93072
108	103	4.23362
108	109	4.22664
108	136	3.93072
108	141	4.23362
108	181	4.3224
108	184	4.3224
108	188	4.3224
108	210	4.3224
108	417	7.39909
108	726	0.0620211
109	7	4.09785
109	24	3.81435
109	25	3.81435
109	53	4.09785
109	86	3.93072
109	88	3.93072
109	103	4.23362
109	108	4.22664
109	136	3.93072
109	141	4.23362
109	181	4.3224
109	184	4.3224
109	188	4.3224
109	210	4.3224
109	396	1.84559
109	541	4.48221
110	418	2.18917
110	534	6.29453
110	751	3.07724
110	792	3.59323
110	835	3.54779
110	861	3.74897
110	871	4.04821
110	897	0.240814
110	909	4.23958
110	915	4.19936
110	941	4.51726
110	943	4.67071
110	951	4.63262
110	972	4.94035
110	988	5.05094
110	1000	5.14458
111	5	4.1466
111	10	3.85286
111	20	4.11931
111	33	3.85496
111	62	3.85286
111	65	4.17823
111	89	3.96604
111	91	3.96604
111	95	4.26622
111	101	3.96604
111	132	2.07071
111	155	4.35772
111	186	4.35772
111	204	4.35772
111	208	4.35772
111	346	4.54225
112	13	3.43635
112	71	3.73148
112	146	3.55974
112	185	3.98661
112	236	4.08381
112	285	4.18306
112	326	4.19146
112	351	4.32424
112	373	4.32424
112	378	4.27205
112	392	4.31009
112	421	4.39896
112	427	4.39896
112	445	4.39896
112	825	3.34401
112	935	3.09741
113	8	3.81208
113	38	3.82806
113	46	4.09634
113	51	4.12085
113	52	3.79633
113	60	4.11491
113	96	3.90828
113	129	3.90716
113	157	4.29996
113	176	4.33749
113	182	4.3011
113	197	4.33749
113	212	4.32159
113	231	4.41833
113	522	0.728938
113	876	5.69798
114	97	3.19903
114	154	3.21732
114	316	3.59667
114	374	3.73795
114	436	3.87525
114	488	4.10217
114	515	4.05452
114	591	4.55067
114	593	4.29451
114	598	4.5662
114	601	4.53009
114	605	4.39477
114	643	4.74077
114	645	4.74009
114	690	7.63603
114	948	0.0716542
115	16	3.67055
115	21	3.68613
115	98	3.5119
115	105	3.47488
115	170	3.88544
115	207	3.61821
115	216	3.8579
115	221	3.88191
115	252	3.9757
115	254	3.96408
115	263	3.97466
115	270	3.97377
115	277	3.97117
115	303	4.07685
115	328	4.07685
115	362	6.71979
116	94	5.46219e-05
116	97	3.53567
116	147	3.72151
116	353	4.04174
116	374	4.07459
116	416	4.16088
116	463	1.47778
116	499	4.4037
116	515	4.39116
116	591	4.88731
116	593	4.63115
116	601	4.86673
116	605	4.73141
116	643	5.07741
116	645	5.07673
116	989	5.00183
117	97	2.87121
117	227	3.24254
117	353	3.37727
117	416	3.49642
117	454	3.65681
117	488	3.77435
117	499	3.73924
117	515	3.72669
117	591	4.22285
117	597	4.15983
117	598	4.23837
117	601	4.20227
117	605	4.06694
117	643	4.41294
117	645	4.41227
117	712	6.11452
118	2	3.49563
118	26	3.82413
118	32	3.80455
118	63	4.11142
118	72	3.78383
118	76	3.48479
118	83	3.85369
118	87	3.89358
118	90	3.58433
118	178	3.97889
118	191	3.98385
118	198	3.95465
118	200	3.6979
118	228	4.07438
118	256	4.07438
118	799	6.41204
119	310	0.842742
119	378	6.39406
119	718	2.54689
119	818	3.18231
119	869	3.46
119	937	4.01877
119	938	4.23358
119	946	4.29473
119	948	4.30178
119	953	4.30023
119	955	4.37051
119	960	4.22686
119	961	4.36191
119	962	4.45111
119	970	4.48223
119	975	4.52636
120	30	3.52696
120	48	3.32429
120	235	3.64592
120	321	3.91323
120	335	3.98354
120	359	4.11138
120	433	4.19682
120	457	4.30908
120	464	4.28013
120	486	3.4102
120	487	4.39703
120	509	4.39375
120	512	4.60468
120	524	4.41569
120	564	4.49751
120	936	3.14069
121	537	2.6066
121	678	3.04933
121	688	3.29671
121	706	3.46069
121	707	3.34523
121	777	3.73307
121	812	4.07905
121	815	4.08793
121	824	4.10894
121	840	4.10711
121	841	4.29949
121	853	4.32253
121	860	4.29694
121	862	4.40318
121	864	4.40318
121	880	6.36756
122	30	3.56397
122	48	3.36131
122	143	3.68373
122	235	3.68294
122	315	4.00618
122	359	4.14839
122	377	4.12254
122	456	4.30802
122	457	4.34609
122	464	4.31714
122	509	4.43076
122	512	4.64169
122	524	4.4527
122	564	4.53453
122	568	4.65562
122	608	3.361
123	267	0.60437
123	368	2.80893
123	431	3.0341
123	472	3.09674
123	479	3.27524
123	570	3.5789
123	672	4.0699
123	690	7.18017
123	730	4.20603
123	785	4.52186
123	788	4.82021
123	811	4.83478
123	820	4.83695
123	829	4.77276
123	836	4.85125
123	854	4.89235
124	39	3.5611
124	92	3.9786
124	131	3.69896
124	189	4.08228
124	250	3.9226
124	260	4.16194
124	273	4.18545
124	276	3.91579
124	278	3.92632
124	309	4.26312
124	329	6.2456
124	355	4.38608
124	366	4.38608
124	371	4.38608
124	444	4.74562
124	458	0.415918
125	183	0.000505915
125	209	2.86335
125	217	2.72155
125	498	3.70922
125	568	3.61683
125	623	4.36237
125	673	4.2338
125	710	4.1354
125	739	4.73536
125	742	4.49253
125	746	4.65615
125	749	4.53166
125	753	4.4809
125	754	4.4809
125	762	4.57997
125	864	6.48744
126	431	2.57203
126	502	2.83989
126	651	3.10976
126	672	3.60783
126	694	3.58546
126	697	3.30552
126	783	4.01341
126	784	4.07377
126	788	4.35814
126	811	4.37271
126	814	4.1714
126	829	4.3107
126	836	4.38919
126	842	4.45991
126	854	4.43029
126	935	6.42722
127	49	3.40818
127	146	3.53079
127	185	3.95765
127	259	4.00671
127	326	4.1625
127	329	4.13747
127	333	4.17187
127	351	4.29528
127	373	4.29528
127	378	4.2431
127	392	4.28114
127	421	4.37001
127	427	4.37001
127	445	4.37001
127	662	0.745145
127	943	5.74868
128	168	2.3166
128	546	3.18495
128	549	3.29949
128	592	3.62209
128	606	3.69775
128	650	6.35944
128	674	3.89385
128	680	3.93296
128	692	3.95456
128	731	4.06653
128	733	4.13439
128	759	4.29936
128	772	4.29936
128	774	4.29936
128	775	4.29936
128	776	4.29936
129	8	3.47889
129	38	3.49487
129	46	3.76315
129	51	3.78766
129	60	3.78172
129	74	3.79731
129	96	3.57509
129	113	3.90716
129	157	3.96677
129	163	3.99736
129	176	4.0043
129	182	3.96791
129	197	4.0043
129	212	3.9884
129	231	4.08514
129	921	6.51476
130	588	2.687
130	612	2.19766
130	720	2.75489
130	872	3.84094
130	878	3.88317
130	879	3.73804
130	897	3.85277
130	907	3.86957
130	950	4.50648
130	971	4.7013
130	979	3.81659
130	981	4.82414
130	982	4.74248
130	995	4.89003
130	996	4.89521
130	999	4.90333
131	12	3.55595
131	39	3.30693
131	54	3.26744
131	124	3.69896
131	250	3.66842
131	260	3.90776
131	273	3.93127
131	276	3.66161
131	278	3.67214
131	303	6.38716
131	309	4.00895
131	331	4.03345
131	355	4.1319
131	366	4.1319
131	371	4.1319
131	444	4.49144
132	12	3.77611
132	39	3.52709
132	92	3.94458
132	111	2.07071
132	189	4.04827
132	260	4.12792
132	273	4.15144
132	276	3.88177
132	278	3.8923
132	309	4.22911
132	320	4.2495
132	331	4.25361
132	355	4.35206
132	366	4.35206
132	371	4.35206
132	444	4.7116
133	523	6.49241
133	617	5.69214e-05
133	702	3.31726
133	794	3.78079
133	804	3.82859
133	828	3.99062
133	843	4.05908
133	846	3.91832
133	852	4.2695
133	858	4.16133
133	866	4.28266
133	868	4.12813
133	881	4.37272
133	882	4.45826
133	885	4.48503
133	895	4.54772
134	145	3.71858
134	169	4.08032
134	179	4.12995
134	195	3.82176
134	205	3.60988
134	226	4.17667
134	243	3.9342
134	261	3.96387
134	266	4.1934
134	300	4.32281
134	348	4.41214
134	367	4.41214
134	381	4.41214
134	397	4.41214
134	462	3.73915
134	623	2.60456
135	206	7.00928
135	526	0.263692
135	685	2.21043
135	690	2.33035
135	758	2.97232
135	883	3.76503
135	910	3.91016
135	914	4.04983
135	956	4.51986
135	980	4.80892
135	986	4.79521
135	989	4.78469
135	991	4.81888
135	994	4.8781
135	997	4.8781
135	998	4.8781
136	7	3.80193
136	24	3.51842
136	25	3.51842
136	37	3.84702
136	53	3.80193
136	86	3.63479
136	88	3.63479
136	103	3.93769
136	108	3.93072
136	109	3.93072
136	141	3.93769
136	181	4.02647
136	184	4.02647
136	188	4.02647
136	210	4.02647
136	331	6.31627
137	429	3.44012
137	505	3.73077
137	507	2.04827
137	531	3.81303
137	570	4.27215
137	579	4.14735
137	583	4.11139
137	611	4.02229
137	617	4.17295
137	619	4.25536
137	621	4.14197
137	644	4.09643
137	662	4.23702
137	701	4.47711
137	704	4.47711
137	713	4.47711
138	42	3.39113
138	68	3.77415
138	172	3.97147
138	219	3.72142
138	220	3.97569
138	251	4.06398
138	262	4.08566
138	272	4.07438
138	290	3.94016
138	297	4.17943
138	357	4.29083
138	372	4.29083
138	385	4.29083
138	401	4.29083
138	409	4.65037
138	544	2.86014
139	1	4.11049
139	11	4.14213
139	29	3.55939
139	59	3.82356
139	77	4.15262
139	80	4.23482
139	81	4.23563
139	93	3.93901
139	94	4.23563
139	100	4.23563
139	144	3.93901
139	162	4.33069
139	177	4.33069
139	223	4.33069
139	726	0.664001
139	885	5.8056
140	532	3.21272
140	539	2.9016
140	563	3.14257
140	666	3.29021
140	708	3.64919
140	717	3.69763
140	720	6.38107
140	726	3.78147
140	743	3.93755
140	766	3.9662
140	779	4.04715
140	780	4.22807
140	786	4.3454
140	827	4.34212
140	849	4.62016
140	851	4.43796
141	7	4.10483
141	24	3.82132
141	25	3.82132
141	37	4.14992
141	53	4.10483
141	86	3.93769
141	88	3.93769
141	108	4.23362
141	109	4.23362
141	136	3.93769
141	181	4.32937
141	184	4.32937
141	188	4.32937
141	210	4.32937
141	786	0.00252596
141	947	6.88136
142	26	4.07382
142	32	4.05424
142	63	4.36111
142	72	4.03352
142	76	3.73447
142	83	4.10337
142	87	4.14327
142	90	3.83402
142	178	4.22858
142	191	4.23354
142	198	4.20434
142	200	3.94759
142	228	4.32407
142	256	4.32407
142	391	0.000226652
142	947	6.88352
143	45	3.58303
143	122	3.68373
143	315	3.9406
143	321	3.88466
143	335	3.95497
143	337	3.92089
143	377	4.05696
143	431	5.30646
143	456	4.24244
143	457	4.28051
143	464	4.25156
143	487	4.36846
143	512	4.57611
143	524	4.38712
143	564	4.46895
143	790	1.06123
144	1	3.81387
144	11	3.84551
144	29	3.26277
144	59	3.52695
144	66	3.85601
144	77	3.85601
144	80	3.93821
144	81	3.93901
144	93	3.6424
144	94	3.93901
144	100	3.93901
144	139	3.93901
144	162	4.03408
144	177	4.03408
144	223	4.03408
144	333	6.30372
145	57	3.28692
145	100	6.4
145	134	3.71858
145	169	3.78879
145	179	3.83841
145	195	3.53022
145	205	3.31834
145	226	3.88514
145	261	3.67234
145	289	4.02378
145	300	4.03127
145	311	4.02378
145	348	4.1206
145	367	4.1206
145	381	4.1206
145	397	4.1206
146	13	3.11481
146	112	3.55974
146	127	3.53079
146	173	6.48511
146	236	3.76227
146	285	3.86153
146	326	3.86992
146	329	3.84489
146	333	3.87928
146	351	4.0027
146	373	4.0027
146	378	3.95052
146	392	3.98856
146	421	4.07743
146	427	4.07743
146	445	4.07743
147	116	3.72151
147	154	3.27703
147	223	2.29494
147	227	3.63008
147	249	3.61733
147	416	3.88396
147	454	4.04435
147	499	4.12678
147	591	4.61039
147	593	4.35423
147	597	4.54737
147	598	4.62591
147	601	4.58981
147	605	4.45448
147	643	4.80048
147	645	4.79981
147	928	4.72487
148	238	2.93871
148	349	3.0462
148	426	3.13169
148	458	3.23966
148	485	3.22869
148	547	3.58476
148	623	4.32681
148	673	4.19824
148	705	4.20094
148	710	4.09985
148	739	4.6998
148	742	4.45697
148	749	4.4961
148	753	4.44535
148	754	4.44535
148	762	4.54441
148	946	6.95555
149	340	3.74966
149	739	3.28233
149	765	2.89059
149	890	3.90359
149	894	3.86852
149	908	3.93554
149	933	4.12094
149	937	4.12857
149	938	4.34339
149	946	4.40454
149	953	4.41004
149	955	4.48031
149	960	4.33666
149	961	4.47172
149	962	4.56091
149	970	4.59204
149	975	4.63616
150	9	3.82087
150	152	3.71998
150	175	3.97471
150	215	3.72169
150	299	4.20837
150	322	4.19286
150	346	4.31575
150	352	4.30404
150	356	4.32205
150	394	4.29925
150	396	4.56091
150	413	4.41076
150	420	4.41076
150	440	4.41076
150	441	4.41076
150	934	1.00753
150	949	6.04794
151	69	1.93987
151	104	2.59388
151	225	2.46191
151	480	3.09837
151	532	3.61094
151	666	3.68843
151	694	6.98286
151	726	4.17968
151	728	4.19808
151	743	4.33577
151	779	4.44537
151	780	4.62628
151	786	4.74362
151	796	4.56644
151	827	4.74034
151	849	5.01838
151	851	4.83618
152	9	3.52583
152	65	7.00928
152	150	3.71998
152	215	3.42665
152	287	3.90995
152	299	3.91332
152	322	3.89781
152	330	3.90033
152	346	4.02071
152	352	4.00899
152	356	4.027
152	394	4.00421
152	396	4.26586
152	413	4.11572
152	420	4.11572
152	440	4.11572
152	441	4.11572
153	279	7.15124
153	589	1.80954
153	782	2.58004
153	917	3.75561
153	927	3.9402
153	949	3.9767
153	952	4.0402
153	958	4.13263
153	966	4.08866
153	967	4.25182
153	968	4.09475
153	969	4.2113
153	974	4.37065
153	983	4.43964
153	984	4.47891
153	985	4.4024
153	993	4.51047
154	114	3.21732
154	147	3.27703
154	156	3.32504
154	249	3.44978
154	316	3.48884
154	353	3.59726
154	436	3.76741
154	488	3.99434
154	515	3.94668
154	591	4.44284
154	593	4.18668
154	597	4.37981
154	598	4.45836
154	605	4.28693
154	643	4.63293
154	645	4.63226
154	820	6.97707
155	5	4.2624
155	10	3.96866
155	19	3.97809
155	20	4.23511
155	33	3.97076
155	62	3.96866
155	65	4.29403
155	89	4.08184
155	91	4.08184
155	95	4.38202
155	101	4.08184
155	111	4.35772
155	186	4.47352
155	204	4.47352
155	208	4.47352
155	242	1.1449
155	957	5.86477
156	97	3.30676
156	154	3.32504
156	316	3.7044
156	374	3.84567
156	416	3.93197
156	454	4.09236
156	488	4.2099
156	499	4.17479
156	591	4.6584
156	593	4.40224
156	597	4.59538
156	601	4.63781
156	605	4.50249
156	643	4.84849
156	645	4.84782
156	667	6.6324
156	942	0.517817
157	38	3.88767
157	46	4.15595
157	51	4.18046
157	52	3.85594
157	60	4.17452
157	74	4.19011
157	96	3.96789
157	113	4.29996
157	129	3.96677
157	163	4.39016
157	176	4.3971
157	182	4.36071
157	197	4.3971
157	212	4.3812
157	231	4.47794
157	757	0.532673
157	987	6.50656
158	39	5.82013
158	516	2.97507
158	545	1.18225
158	632	3.40362
158	678	3.49551
158	696	3.76292
158	706	3.90687
158	707	3.79141
158	777	4.17925
158	812	4.52523
158	815	4.53411
158	840	4.55329
158	841	4.74567
158	853	4.76871
158	860	4.74312
158	862	4.84936
158	864	4.84936
159	166	2.50009
159	411	3.33079
159	414	9.62341
159	556	3.6247
159	562	3.59818
159	567	3.88525
159	650	4.21242
159	686	4.10599
159	719	4.45762
159	724	4.49354
159	734	4.57982
159	750	4.76432
159	751	0.16473
159	764	4.71891
159	799	4.84919
159	813	4.84919
159	822	5.11351
160	164	2.8758
160	225	2.69976
160	450	3.46623
160	532	3.84878
160	539	3.53766
160	550	3.47481
160	678	6.65929
160	717	4.33369
160	728	4.43592
160	743	4.57362
160	779	4.68321
160	780	4.86413
160	786	4.98147
160	827	4.97818
160	849	5.25623
160	851	5.07403
160	882	0.495986
161	307	3.47794
161	314	3.45009
161	336	3.63464
161	361	3.79341
161	406	3.94975
161	410	0.000279628
161	473	4.07216
161	484	4.08537
161	576	4.39637
161	585	4.39637
161	594	4.39637
161	602	4.60613
161	620	4.70623
161	629	4.70623
161	636	4.70623
161	640	4.70623
161	992	7.05056
162	1	4.20555
162	11	4.23719
162	29	3.65445
162	59	3.91863
162	66	4.24769
162	77	4.24769
162	80	4.32989
162	81	4.33069
162	93	4.03408
162	94	4.33069
162	100	4.33069
162	139	4.33069
162	144	4.03408
162	177	4.42576
162	223	4.42576
162	703	2.77406
162	877	4.23788
163	8	3.90228
163	38	3.91826
163	46	4.18655
163	51	4.21105
163	52	3.88653
163	60	4.20511
163	74	4.2207
163	90	6.3517
163	96	3.99848
163	129	3.99736
163	157	4.39016
163	176	4.42769
163	182	4.39131
163	197	4.42769
163	212	4.41179
163	231	4.50854
163	643	0.708408
164	1	6.074
164	160	2.8758
164	245	2.81203
164	298	3.18659
164	379	3.24668
164	390	0.803312
164	532	3.94338
164	563	3.87323
164	637	3.99968
164	726	4.51213
164	743	4.66821
164	766	4.69686
164	779	4.77781
164	796	4.89889
164	827	5.07278
164	849	5.35082
164	851	5.16862
165	167	3.33272
165	192	3.75564
165	202	3.42565
165	300	2.17029
165	342	3.69056
165	362	4.0306
165	417	4.08353
165	470	4.17309
165	482	4.26033
165	513	4.34067
165	529	4.48835
165	533	4.43578
165	541	4.6877
165	577	4.76707
165	584	4.76853
165	625	4.8433
165	692	4.80645
166	159	2.50009
166	497	3.22579
166	556	3.32844
166	562	3.30191
166	567	3.58898
166	599	3.69478
166	650	3.91615
166	675	3.94193
166	682	6.79695
166	719	4.16135
166	734	4.28356
166	747	4.32674
166	750	4.46805
166	764	4.42265
166	799	4.55293
166	813	4.55293
166	822	4.81724
167	165	3.33272
167	192	3.43065
167	211	3.07261
167	342	3.36557
167	389	3.73639
167	417	3.75854
167	475	3.86069
167	482	3.93534
167	513	4.01568
167	522	4.5345
167	529	4.16336
167	533	4.1108
167	541	4.36272
167	577	4.44208
167	584	4.44355
167	625	4.51831
167	785	7.07577
168	128	2.3166
168	302	2.91126
168	319	7.06234
168	423	3.10299
168	592	3.82476
168	652	3.83559
168	659	3.81494
168	670	3.97281
168	674	4.09652
168	692	4.15723
168	700	4.20357
168	733	4.33706
168	759	4.50204
168	772	4.50204
168	774	4.50204
168	775	4.50204
168	776	4.50204
169	134	4.08032
169	145	3.78879
169	195	3.89196
169	205	3.68008
169	226	4.24688
169	243	4.0044
169	261	4.03408
169	266	4.2636
169	289	4.38552
169	300	4.39301
169	311	4.38552
169	348	4.48234
169	367	4.48234
169	381	4.48234
169	397	4.48234
