1	5	3.75368
1	8	3.75368
1	21	4.06649
1	45	4.06649
1	56	3.75368
1	67	3.75368
1	99	4.16251
1	100	4.16251
1	134	4.16251
1	152	4.16251
1	159	4.16251
1	161	4.16251
1	165	4.16251
1	331	4.62851
1	978	1.23875
2	720	3.24778
2	734	3.33082
2	785	2.69816
2	794	3.86528
2	808	3.7075
2	815	3.69268
2	817	3.94369
2	845	3.94655
2	861	4.14196
2	875	4.28687
2	888	4.41221
2	896	4.42822
2	906	4.52007
2	921	4.76164
2	944	3.10263
3	55	3.37583
3	90	3.27478
3	311	3.97522
3	319	3.91881
3	326	4.02072
3	330	4.07597
3	386	4.1625
3	408	4.20044
3	418	4.15656
3	438	4.28111
3	440	4.28111
3	443	4.28111
3	457	4.28111
3	882	2.97171
3	985	2.92634
4	162	2.43202
4	464	3.11427
4	514	3.25842
4	595	3.51612
4	603	3.61008
4	635	3.92411
4	656	3.90882
4	662	3.9312
4	667	4.03086
4	677	3.85155
4	706	4.09624
4	724	4.20386
4	728	4.20386
4	739	4.20386
4	886	5.83297
5	1	3.75368
5	8	3.44088
5	21	3.75368
5	22	3.75368
5	45	3.75368
5	56	3.44088
5	67	3.44088
5	99	3.8497
5	100	3.8497
5	134	3.8497
5	152	3.8497
5	159	3.8497
5	161	3.8497
5	165	3.8497
5	364	6.26006
6	365	2.89399
6	439	5.77268
6	476	3.26579
6	508	3.60392
6	509	3.59745
6	517	3.35603
6	556	3.37947
6	593	3.81226
6	622	3.89715
6	655	3.74832
6	664	4.09563
6	670	4.24413
6	686	4.05329
6	701	4.16893
6	710	4.16893
7	139	2.67592
7	401	5.47246
7	477	3.83063
7	509	3.97581
7	510	3.67544
7	549	3.82681
7	597	3.91072
7	619	3.98751
7	622	4.27552
7	655	4.12668
7	664	4.474
7	686	4.43165
7	701	4.54729
7	710	4.54729
7	990	0.341603
8	1	3.75368
8	5	3.44088
8	21	3.75368
8	22	3.75368
8	45	3.75368
8	56	3.44088
8	67	3.44088
8	99	3.8497
8	100	3.8497
8	134	3.8497
8	152	3.8497
8	159	3.8497
8	161	3.8497
8	165	3.8497
8	879	5.91027
9	94	3.66541
9	97	3.43172
9	142	3.71394
9	143	3.40043
9	149	3.41118
9	174	3.67801
9	192	3.50018
9	255	3.78635
9	303	3.87803
9	306	3.87666
9	333	3.98584
9	340	3.98584
9	343	3.98584
9	348	3.98584
9	874	5.82156
10	190	7.00928
10	366	2.56133
10	505	3.36104
10	568	3.51973
10	575	3.32948
10	611	3.39815
10	617	3.34479
10	663	3.6197
10	721	3.83683
10	744	3.95422
10	746	4.12638
10	771	4.35066
10	777	4.36926
10	778	4.22762
10	784	4.28611
11	44	3.35076
11	54	3.71703
11	118	3.75517
11	122	3.50059
11	153	3.8002
11	170	3.78335
11	198	3.59798
11	202	3.59798
11	227	3.86616
11	244	3.88756
11	245	3.88162
11	254	3.59798
11	301	3.97446
11	322	3.97446
11	453	5.80945
12	55	3.13166
12	82	2.81078
12	129	3.49431
12	210	3.63076
12	274	6.05215
12	319	3.67464
12	326	3.77656
12	330	3.8318
12	386	3.91834
12	408	3.95627
12	418	3.91239
12	438	4.03694
12	440	4.03694
12	443	4.03694
12	457	4.03694
13	70	3.93378
13	86	3.68831
13	97	6.4
13	128	3.76667
13	151	3.76667
13	167	4.06793
13	221	4.17562
13	222	4.15835
13	232	3.88458
13	236	3.88458
13	252	4.17562
13	298	4.26106
13	310	4.26106
13	325	4.26106
13	341	0.311976
14	140	3.81576
14	214	3.41195
14	238	4.78301
14	253	3.73661
14	270	3.85155
14	285	3.77641
14	355	3.68729
14	388	4.03772
14	397	4.03772
14	442	4.13336
14	469	4.4468
14	474	4.22535
14	506	4.56238
14	520	4.56238
14	661	1.2277
15	189	2.90943
15	352	3.4337
15	515	3.76412
15	518	3.83948
15	550	3.95281
15	552	4.08953
15	580	4.29117
15	590	4.24981
15	602	4.31884
15	606	4.28335
15	608	4.11784
15	633	5.90786
15	643	4.45169
15	695	4.5835
15	801	0.0624185
16	57	3.23926
16	65	3.28169
16	112	3.69277
16	113	3.65034
16	138	3.65687
16	178	3.73406
16	233	3.78726
16	248	3.78431
16	261	3.75495
16	283	3.87828
16	288	3.87828
16	297	4.19064
16	320	3.87828
16	327	3.87828
16	939	5.63281
17	65	3.25233
17	112	3.66341
17	113	3.62098
17	138	3.62751
17	164	3.62098
17	178	3.7047
17	233	3.7579
17	248	3.75495
17	249	5.35838
17	261	3.72559
17	283	3.84891
17	288	3.84891
17	297	4.16128
17	320	3.84891
17	327	3.84891
18	28	3.78473
18	32	3.78473
18	41	3.78473
18	46	4.10013
18	59	4.10013
18	85	3.78473
18	89	3.78473
18	108	4.19356
18	115	4.19356
18	119	4.19356
18	125	4.19356
18	146	4.19356
18	168	4.19356
18	715	2.85017
18	777	2.97129
19	23	2.5088
19	103	2.63249
19	282	3.17535
19	364	3.32201
19	431	3.58629
19	451	3.51602
19	460	3.54959
19	484	3.62893
19	543	5.86043
19	594	3.97545
19	645	4.43111
19	659	4.21194
19	693	4.58243
19	694	4.58243
19	713	4.58243
20	42	2.37281
20	302	2.7177
20	505	3.83153
20	596	3.83466
20	611	3.86864
20	617	3.81528
20	663	4.09019
20	712	4.33937
20	745	0.174194
20	746	4.59687
20	756	4.52379
20	777	4.83975
20	778	4.69811
20	784	4.75659
20	817	5.65442
21	1	4.06649
21	5	3.75368
21	8	3.75368
21	22	4.06649
21	56	3.75368
21	67	3.75368
21	99	4.16251
21	100	4.16251
21	134	4.16251
21	152	4.16251
21	159	4.16251
21	161	4.16251
21	165	4.16251
21	717	2.15625
21	989	3.64196
22	5	3.75368
22	8	3.75368
22	21	4.06649
22	45	4.06649
22	56	3.75368
22	67	3.75368
22	99	4.16251
22	100	4.16251
22	134	4.16251
22	136	0.742471
22	152	4.16251
22	159	4.16251
22	161	4.16251
22	165	4.16251
22	942	4.9964
23	19	2.5088
23	131	2.78689
23	347	3.14995
23	391	3.3208
23	451	3.40305
23	456	3.37685
23	494	5.14979
23	540	3.77368
23	594	3.86248
23	645	4.31815
23	659	4.09898
23	660	4.27725
23	693	4.46947
23	694	4.46947
23	713	4.46947
24	83	3.09231
24	126	3.13324
24	199	2.97902
24	211	2.93678
24	358	3.47429
24	399	3.51009
24	416	3.62088
24	553	4.18104
24	559	4.23251
24	566	3.97843
24	578	4.09979
24	607	4.17955
24	627	4.38563
24	661	4.4817
24	799	6.05052
25	476	3.52843
25	477	3.7149
25	508	3.86656
25	517	3.61867
25	549	3.71108
25	593	4.07491
25	619	3.87178
25	622	4.15979
25	655	4.01096
25	664	4.35827
25	670	4.50677
25	701	4.43157
25	710	4.43157
25	840	0.0292412
25	851	5.91694
26	47	3.64579
26	54	3.69433
26	118	3.73248
26	122	3.47789
26	153	3.7775
26	170	3.76065
26	198	3.57528
26	202	3.57528
26	227	3.84346
26	244	3.86486
26	245	3.85892
26	254	3.57528
26	301	3.95177
26	322	3.95177
26	857	5.90837
27	169	3.06054
27	354	0.162909
27	379	3.67649
27	395	3.60775
27	407	3.70973
27	430	3.84244
27	487	3.78799
27	576	4.12922
27	628	4.20047
27	647	4.30942
27	652	4.36797
27	680	4.43297
27	690	4.42186
27	709	4.73842
27	888	5.98065
28	18	3.78473
28	32	3.46934
28	33	3.78473
28	41	3.46934
28	46	3.78473
28	59	3.78473
28	85	3.46934
28	89	3.46934
28	108	3.87816
28	115	3.87816
28	119	3.87816
28	125	3.87816
28	146	3.87816
28	168	3.87816
28	984	5.83209
29	231	3.18549
29	345	3.50762
29	371	3.37178
29	396	3.47964
29	398	3.49829
29	433	3.67628
29	501	3.83266
29	523	3.87291
29	527	3.84374
29	531	3.77594
29	535	4.11565
29	548	3.90939
29	558	4.12548
29	626	4.09041
29	705	5.78813
30	157	3.14942
30	276	3.61881
30	345	3.93582
30	371	3.79998
30	398	3.9265
30	412	3.85597
30	433	4.10448
30	501	4.26087
30	523	4.30112
30	527	4.27194
30	531	4.20414
30	548	4.3376
30	626	4.51862
30	649	4.1099
30	801	1.78163
31	166	2.7706
31	267	3.10324
31	300	3.10187
31	329	3.32415
31	342	3.3594
31	503	3.80071
31	551	3.78739
31	560	3.92513
31	569	3.93452
31	570	4.1754
31	599	3.93694
31	639	4.31275
31	653	4.33197
31	671	4.42121
31	702	5.84877
32	18	3.78473
32	28	3.46934
32	33	3.78473
32	41	3.46934
32	46	3.78473
32	59	3.78473
32	85	3.46934
32	89	3.46934
32	108	3.87816
32	115	3.87816
32	119	3.87816
32	125	3.87816
32	146	3.87816
32	168	3.87816
32	975	5.87528
33	28	3.78473
33	32	3.78473
33	41	3.78473
33	46	4.10013
33	57	5.80948
33	59	4.10013
33	70	8.21325e-07
33	85	3.78473
33	89	3.78473
33	108	4.19356
33	115	4.19356
33	119	4.19356
33	125	4.19356
33	146	4.19356
33	168	4.19356
34	737	2.47445
34	775	2.76219
34	819	2.82211
34	903	3.51612
34	917	3.47797
34	936	3.80834
34	941	3.77516
34	956	3.95652
34	966	4.14217
34	972	4.16412
34	976	4.34908
34	977	4.29835
34	990	4.26673
34	994	5.83154
34	998	4.47197
35	96	3.9721
35	132	3.71834
35	133	3.6898
35	137	3.98866
35	179	3.69832
35	201	4.0991
35	205	4.07883
35	237	4.10673
35	272	3.9337
35	279	4.20171
35	284	4.20478
35	329	1.63366
35	332	4.2966
35	337	4.2966
35	829	4.14344
36	66	3.65899
36	69	3.66785
36	93	6.4
36	96	4.05854
36	132	3.80477
36	133	3.77623
36	137	4.0751
36	179	3.78476
36	201	4.18554
36	207	4.19607
36	272	4.02014
36	284	4.29121
36	332	4.38304
36	337	4.38304
36	554	2.34642e-05
37	38	3.55674
37	97	3.44008
37	142	3.7223
37	143	3.40879
37	149	3.41954
37	174	3.68637
37	192	3.50854
37	255	3.79471
37	303	3.88639
37	306	3.88502
37	333	3.9942
37	340	3.9942
37	343	3.9942
37	348	3.9942
37	771	5.85732
38	37	3.55674
38	97	3.75181
38	116	3.66613
38	142	4.03403
38	149	3.73127
38	192	3.82027
38	219	1.06052
38	255	4.10644
38	303	4.19812
38	306	4.19675
38	333	4.30593
38	340	4.30593
38	343	4.30593
38	348	4.30593
38	847	4.95688
39	61	3.82014
39	104	3.96315
39	129	0.182186
39	154	3.92812
39	177	3.64662
39	197	3.75563
39	234	4.03449
39	246	4.02305
39	269	4.13211
39	273	5.56149
39	296	4.13356
39	317	4.14165
39	338	4.23558
39	339	4.23558
39	350	4.23558
40	93	3.46339
40	117	3.71999
40	160	3.44281
40	180	3.55131
40	181	3.80146
40	212	3.80921
40	215	3.54979
40	263	3.65042
40	275	3.90474
40	278	3.90184
40	293	3.90474
40	313	3.65042
40	318	3.92185
40	331	4.01332
40	903	5.82736
41	18	3.78473
41	28	3.46934
41	32	3.46934
41	33	3.78473
41	46	3.78473
41	59	3.78473
41	85	3.46934
41	89	3.46934
41	108	3.87816
41	115	3.87816
41	119	3.87816
41	125	3.87816
41	146	3.87816
41	168	3.87816
41	379	5.84558
42	20	2.37281
42	155	2.29858
42	263	7.63675
42	302	2.56094
42	366	2.87506
42	482	3.22027
42	568	3.83346
42	596	3.6779
42	721	4.15056
42	746	4.44011
42	756	4.36703
42	771	4.66439
42	777	4.68299
42	778	4.54135
42	784	4.59984
43	251	1.91452
43	555	5.68092
43	613	3.10045
43	630	3.43202
43	648	3.48333
43	718	3.60166
43	722	3.75708
43	723	3.68511
43	747	3.81947
43	788	4.00896
43	799	4.10406
43	801	4.27347
43	820	4.36838
43	822	4.36838
43	823	4.36838
44	11	3.35076
44	47	3.67515
44	54	3.7237
44	122	3.50726
44	153	3.80687
44	170	3.79001
44	198	3.60465
44	202	3.60465
44	227	3.87282
44	244	3.89422
44	245	3.88828
44	254	3.60465
44	301	3.98113
44	322	3.98113
44	946	5.84516
45	1	4.06649
45	5	3.75368
45	8	3.75368
45	22	4.06649
45	56	3.75368
45	67	3.75368
45	99	4.16251
45	100	4.16251
45	134	4.16251
45	152	4.16251
45	159	4.16251
45	161	4.16251
45	165	4.16251
45	690	6.28822
45	883	0.0308073
46	18	4.10013
46	28	3.78473
46	32	3.78473
46	33	4.10013
46	41	3.78473
46	85	3.78473
46	89	3.78473
46	108	4.19356
46	115	4.19356
46	119	4.19356
46	125	4.19356
46	146	4.19356
46	168	4.19356
46	921	1.21981
46	986	4.58911
47	26	3.64579
47	44	3.67515
47	54	4.04142
47	96	3.58546
47	122	3.82498
47	131	1.94995
47	153	4.12459
47	198	3.92237
47	202	3.92237
47	227	4.19055
47	244	4.21195
47	245	4.20601
47	254	3.92237
47	301	4.29886
47	322	4.29886
48	732	5.93767
48	852	0.0736694
48	909	3.24168
48	931	3.47272
48	979	4.17091
48	981	4.11748
48	982	4.17806
48	984	4.11748
48	989	4.11748
48	991	4.01281
48	993	4.131
48	996	4.13714
48	997	4.13116
48	999	4.22868
48	1000	4.22868
49	169	2.72549
49	379	3.34144
49	407	3.37468
49	430	3.50739
49	455	3.66211
49	459	3.63553
49	565	3.74529
49	576	3.79417
49	623	3.90378
49	647	3.97437
49	652	4.03292
49	680	4.09792
49	690	4.08681
49	709	4.40337
49	909	5.69866
50	93	3.78064
50	156	3.73717
50	160	3.76007
50	180	3.86856
50	183	4.1037
50	215	3.86705
50	263	3.96767
50	275	4.22199
50	278	4.21909
50	293	4.22199
50	313	3.96767
50	318	4.2391
50	331	4.33057
50	783	4.49916
50	898	1.4176
51	157	3.13933
51	176	3.20118
51	231	3.6036
51	396	3.89775
51	412	3.84587
51	433	4.09439
51	447	4.26451
51	465	4.09993
51	523	4.29102
51	527	4.26184
51	535	4.53375
51	558	4.54359
51	626	4.50852
51	754	5.97306
51	905	0.173497
52	60	3.84064
52	104	4.00358
52	154	3.96855
52	175	3.68035
52	177	3.68705
52	197	3.79606
52	223	4.0629
52	246	4.06348
52	269	4.17254
52	317	4.18208
52	338	4.27601
52	339	4.27601
52	350	4.27601
52	567	0.000287565
52	629	5.91419
53	200	3.20719
53	213	3.41719
53	253	3.49736
53	270	3.6123
53	290	3.56744
53	355	3.44804
53	357	3.65542
53	388	3.79847
53	397	3.79847
53	402	3.75693
53	442	3.89411
53	474	3.9861
53	506	4.32313
53	520	4.32313
53	693	6.26056
54	11	3.71703
54	26	3.69433
54	44	3.7237
54	47	4.04142
54	118	4.12811
54	122	3.87353
54	198	3.97092
54	202	3.97092
54	227	4.2391
54	244	4.2605
54	254	3.97092
54	301	4.3474
54	322	4.3474
54	780	2.2974
54	968	3.54179
55	3	3.37583
55	12	3.13166
55	80	5.7614
55	82	2.86976
55	129	3.55329
55	210	3.68974
55	230	3.66912
55	311	3.79003
55	326	3.83554
55	408	4.01525
55	418	3.97137
55	438	4.09592
55	440	4.09592
55	443	4.09592
55	457	4.09592
56	1	3.75368
56	5	3.44088
56	8	3.44088
56	21	3.75368
56	22	3.75368
56	45	3.75368
56	67	3.44088
56	99	3.8497
56	100	3.8497
56	134	3.8497
56	152	3.8497
56	159	3.8497
56	161	3.8497
56	165	3.8497
56	476	5.86485
57	16	3.23926
57	33	5.80948
57	65	3.28169
57	112	3.69277
57	138	3.65687
57	164	3.65034
57	178	3.73406
57	233	3.78726
57	248	3.78431
57	261	3.75495
57	283	3.87828
57	288	3.87828
57	297	4.19064
57	320	3.87828
57	327	3.87828
58	130	3.42757
58	144	3.42757
58	188	3.57342
58	190	3.59191
58	218	3.86543
58	256	3.56208
58	257	3.80392
58	260	3.56208
58	265	3.66995
58	286	3.66995
58	336	4.03285
58	341	4.03285
58	368	4.03285
58	372	4.03285
58	616	5.78519
59	18	4.10013
59	28	3.78473
59	32	3.78473
59	33	4.10013
59	41	3.78473
59	85	3.78473
59	89	3.78473
59	108	4.19356
59	115	4.19356
59	119	4.19356
59	125	4.19356
59	146	4.19356
59	168	4.19356
59	196	7.00928
59	205	0.974719
60	52	3.84064
60	104	3.962
60	154	3.92697
60	175	3.63877
60	197	3.75448
60	219	5.94876
60	234	4.03334
60	246	4.0219
60	269	4.13096
60	296	4.13241
60	317	4.1405
60	338	4.23443
60	339	4.23443
60	350	4.23443
60	675	0.0750448
61	39	3.82014
61	104	3.98192
61	154	3.9469
61	175	3.6587
61	177	3.6654
61	223	4.04125
61	234	4.05327
61	246	4.04183
61	296	4.15234
61	317	4.16043
61	338	4.25436
61	339	4.25436
61	350	4.25436
61	777	3.57275
61	902	2.25057
62	802	5.7799
62	855	3.15245
62	895	3.41868
62	900	3.4426
62	904	3.53736
62	905	3.47288
62	910	3.62398
62	928	3.68627
62	943	3.86539
62	949	3.9664
62	953	3.99633
62	957	3.93813
62	959	4.08402
62	961	3.93813
62	963	4.16266
63	100	5.77425
63	289	3.16403
63	295	3.15144
63	335	3.15214
63	420	3.44301
63	448	3.42172
63	498	3.6634
63	504	3.94216
63	522	3.62144
63	544	3.77448
63	571	4.08308
63	577	3.90261
63	636	4.30205
63	651	4.22499
63	707	4.43874
64	283	0.00420791
64	688	2.35797
64	754	2.7531
64	789	2.84641
64	913	4.01525
64	918	4.02253
64	938	6.17752
64	941	4.1243
64	951	4.30926
64	960	4.48468
64	965	4.6618
64	968	4.54319
64	976	4.69821
64	977	4.64748
64	998	4.8211
65	16	3.28169
65	17	3.25233
65	57	3.28169
65	112	3.7352
65	113	3.69277
65	164	3.69277
65	178	3.77649
65	233	3.82969
65	248	3.82674
65	283	3.92071
65	288	3.92071
65	297	4.23307
65	320	3.92071
65	327	3.92071
65	685	5.81665
66	36	3.65899
66	69	3.29771
66	132	3.43463
66	137	3.70496
66	179	3.41462
66	201	3.8154
66	205	3.79512
66	207	3.82593
66	237	3.82303
66	272	3.65
66	279	3.91801
66	284	3.92107
66	332	4.0129
66	337	4.0129
66	532	5.89139
67	1	3.75368
67	5	3.44088
67	8	3.44088
67	21	3.75368
67	22	3.75368
67	45	3.75368
67	56	3.44088
67	99	3.8497
67	100	3.8497
67	134	3.8497
67	152	3.8497
67	159	3.8497
67	161	3.8497
67	165	3.8497
67	849	5.91629
68	208	2.23374
68	209	3.15597
68	294	3.04111
68	491	3.74792
68	503	3.97395
68	519	3.47058
68	534	4.00608
68	560	4.09838
68	569	4.10776
68	570	4.34865
68	585	4.1096
68	599	4.11019
68	639	4.486
68	653	4.50521
68	671	4.59446
69	36	3.66785
69	66	3.29771
69	96	3.69726
69	132	3.4435
69	133	3.41496
69	137	3.71383
69	201	3.82426
69	207	3.83479
69	237	3.8319
69	272	3.65887
69	279	3.92687
69	284	3.92994
69	332	4.02176
69	337	4.02176
69	880	5.81913
70	13	3.93378
70	33	8.21325e-07
70	86	3.63651
70	127	4.32905
70	167	4.01613
70	171	3.71857
70	221	4.12382
70	232	3.83278
70	236	3.83278
70	247	4.11025
70	252	4.12382
70	298	4.20926
70	310	4.20926
70	325	4.20926
70	889	5.83992
71	143	6.4
71	153	0.080487
71	155	2.44168
71	346	2.55692
71	505	3.81786
71	562	3.73263
71	568	3.97656
71	575	3.78631
71	663	4.07653
71	712	4.3257
71	756	4.51013
71	771	4.80748
71	777	4.82609
71	778	4.68445
71	784	4.74293
72	414	3.04534
72	476	3.28855
72	508	3.62667
72	510	3.31984
72	513	3.37894
72	549	3.4712
72	593	3.83502
72	597	3.55511
72	622	3.91991
72	664	4.11839
72	670	4.26688
72	686	4.07605
72	701	4.19169
72	710	4.19169
72	868	5.7852
73	207	0.0567866
73	406	2.25109
73	682	3.0459
73	715	5.77353
73	765	3.63829
73	811	4.18532
73	812	4.00823
73	839	4.31951
73	851	4.24903
73	853	4.36434
73	856	4.34602
73	865	4.24181
73	879	4.54524
73	881	4.54524
73	885	4.54524
74	90	3.23797
74	230	3.8175
74	311	3.93842
74	319	3.882
74	326	3.98392
74	330	4.03916
74	386	4.1257
74	408	4.16363
74	418	4.11975
74	438	4.2443
74	440	4.2443
74	443	4.2443
74	446	3.02243
74	457	4.2443
74	909	2.55131
75	110	3.62519
75	188	3.50319
75	190	3.52169
75	218	3.7952
75	228	4.07263
75	256	3.49186
75	257	3.73369
75	260	3.49186
75	265	3.59973
75	286	3.59973
75	336	3.96263
75	341	3.96263
75	368	3.96263
75	372	3.96263
75	908	5.83539
76	79	2.77291
76	189	2.8369
76	241	3.17575
76	352	3.36117
76	390	3.33708
76	404	3.44956
76	518	3.76696
76	550	3.88029
76	580	4.21864
76	590	4.17729
76	592	4.17226
76	602	4.24632
76	643	4.37916
76	695	4.51097
76	830	5.72071
77	168	0.0145983
77	200	3.47153
77	214	3.43705
77	253	3.7617
77	285	3.8015
77	355	3.71239
77	357	3.91976
77	388	4.06281
77	397	4.06281
77	442	4.15845
77	469	4.47189
77	474	4.25044
77	506	4.58747
77	520	4.58747
77	816	5.77524
78	102	3.10807
78	309	3.41701
78	473	3.77961
78	487	1.83274
78	492	3.82807
78	536	4.05743
78	561	4.08849
78	564	4.03115
78	582	4.36873
78	588	4.37962
78	598	4.35088
78	601	4.12778
78	616	4.49471
78	624	4.25371
78	916	3.94491
79	76	2.77291
79	372	0.861799
79	391	4.90377
79	496	3.74121
79	515	3.79099
79	518	3.86634
79	537	3.88425
79	550	3.97968
79	552	4.1164
79	580	4.31803
79	592	4.27164
79	606	4.31021
79	608	4.14471
79	643	4.47855
79	695	4.61036
80	55	5.7614
80	381	3.68226
80	436	3.79064
80	462	3.95092
80	467	3.85415
80	470	3.90947
80	480	3.9025
80	485	3.86918
80	489	4.18568
80	502	3.98019
80	517	0.091289
80	519	3.97494
80	542	4.35898
80	572	4.41318
80	591	4.41318
81	299	5.68124
81	595	0.189297
81	882	3.20775
81	925	3.60425
81	929	3.56101
81	939	3.93513
81	955	4.08541
81	964	4.20198
81	967	4.07203
81	978	4.24495
81	980	4.26786
81	987	4.25807
81	988	4.29592
81	992	4.31912
81	995	4.23182
82	12	2.81078
82	55	2.86976
82	129	3.23241
82	210	3.36886
82	230	3.34825
82	311	3.46916
82	326	3.51466
82	330	3.5699
82	386	3.65644
82	408	3.69437
82	418	3.65049
82	438	3.77505
82	440	3.77505
82	443	3.77505
82	457	3.77505
83	24	3.09231
83	87	3.22926
83	126	3.48741
83	358	3.82846
83	359	3.71673
83	452	3.98887
83	458	3.98827
83	500	4.21112
83	559	4.58668
83	566	4.3326
83	578	4.45396
83	607	4.53372
83	661	4.83587
83	811	0.701467
83	822	5.14034
84	792	3.75345
84	874	3.20905
84	912	3.59642
84	926	3.79716
84	932	3.80517
84	934	4.011
84	944	3.88244
84	948	4.07705
84	962	4.22678
84	966	2.0654
84	969	4.10984
84	973	4.40312
84	974	4.33839
84	983	4.48522
84	986	4.34363
85	18	3.78473
85	28	3.46934
85	32	3.46934
85	33	3.78473
85	41	3.46934
85	46	3.78473
85	59	3.78473
85	89	3.46934
85	108	3.87816
85	115	3.87816
85	119	3.87816
85	125	3.87816
85	146	3.87816
85	168	3.87816
85	293	5.76034
86	13	3.68831
86	70	3.63651
86	128	3.4694
86	151	3.4694
86	171	3.4731
86	221	3.87835
86	222	3.86108
86	232	3.58731
86	236	3.58731
86	247	3.86478
86	252	3.87835
86	298	3.96379
86	310	3.96379
86	325	3.96379
86	408	5.90288
87	83	3.22926
87	358	3.61123
87	399	3.64703
87	416	3.75782
87	452	3.77164
87	458	3.77104
87	469	0.000113605
87	553	4.31798
87	559	4.36945
87	566	4.11537
87	578	4.23673
87	607	4.3165
87	627	4.52257
87	661	4.61865
87	805	5.91272
88	620	2.07504
88	633	3.12189
88	698	3.26571
88	791	3.86566
88	793	3.81511
88	795	4.07248
88	816	4.15239
88	821	3.61467
88	824	4.25542
88	832	4.18923
88	836	4.16813
88	840	4.31766
88	841	4.31431
88	844	4.32427
88	866	4.42301
89	18	3.78473
89	28	3.46934
89	32	3.46934
89	33	3.78473
89	41	3.46934
89	46	3.78473
89	59	3.78473
89	85	3.46934
89	108	3.87816
89	115	3.87816
89	119	3.87816
89	125	3.87816
89	146	3.87816
89	168	3.87816
89	558	6.10684
90	3	3.27478
90	74	3.23797
90	210	3.58869
90	230	3.56808
90	311	3.68899
90	319	3.63257
90	326	3.73449
90	330	3.78973
90	386	3.87627
90	408	3.9142
90	438	3.99487
90	440	3.99487
90	443	3.99487
90	457	3.99487
90	529	5.68724
91	109	2.54833
91	163	2.77359
91	282	3.10087
91	316	3.22382
91	427	3.48735
91	451	3.44154
91	460	3.47511
91	594	3.90097
91	645	4.35664
91	659	4.13746
91	660	4.31573
91	693	4.50796
91	694	4.50796
91	713	4.50796
91	772	5.74205
92	754	5.95762
92	860	2.95245
92	869	3.12387
92	873	3.12979
92	884	3.12112
92	891	3.32495
92	942	3.68737
92	946	3.66723
92	950	3.82295
92	978	4.21792
92	980	4.24083
92	987	4.23104
92	988	4.26889
92	992	4.29209
92	995	4.20479
93	36	6.4
93	40	3.46339
93	50	3.78064
93	117	3.88439
93	156	3.58431
93	160	3.60721
93	180	3.71571
93	181	3.96586
93	183	3.95084
93	212	3.97361
93	215	3.71419
93	263	3.81482
93	278	4.06624
93	313	3.81482
93	318	4.08625
93	331	4.17772
94	9	3.66541
94	97	3.86884
94	116	3.78317
94	143	3.83756
94	149	3.84831
94	174	4.11514
94	192	3.9373
94	255	4.22347
94	303	4.31516
94	306	4.31379
94	333	4.42296
94	340	4.42296
94	343	4.42296
94	348	4.42296
94	648	6.44171
94	969	7.51231e-05
95	191	3.0834
95	291	3.05751
95	308	3.14654
95	481	3.63531
95	516	3.93074
95	536	3.85029
95	561	3.88135
95	564	3.82401
95	579	4.13898
95	582	4.16159
95	588	4.17248
95	598	4.14374
95	610	4.23992
95	616	4.28757
95	624	4.04657
95	674	6.28372
96	35	3.9721
96	36	4.05854
96	47	3.58546
96	69	3.69726
96	133	3.80565
96	137	4.10451
96	179	3.81417
96	201	4.21495
96	205	4.19468
96	207	4.22548
96	272	4.04955
96	279	4.31756
96	284	4.32063
96	332	4.41245
96	337	4.41245
96	779	2.92435
97	9	3.43172
97	13	6.4
97	37	3.44008
97	38	3.75181
97	94	3.86884
97	116	3.54948
97	142	3.91737
97	143	3.60387
97	149	3.61461
97	174	3.88144
97	192	3.70361
97	306	4.08009
97	333	4.18927
97	340	4.18927
97	343	4.18927
97	348	4.18927
98	292	3.2328
98	462	3.76364
98	467	3.66688
98	470	3.7222
98	480	3.71523
98	485	3.68191
98	489	3.99841
98	497	3.78525
98	499	3.78525
98	502	3.79291
98	507	6.56197
98	519	3.78766
98	529	4.04433
98	542	4.1717
98	572	4.22591
98	591	4.22591
99	1	4.16251
99	5	3.8497
99	8	3.8497
99	21	4.16251
99	22	4.16251
99	45	4.16251
99	56	3.8497
99	67	3.8497
99	100	4.25853
99	134	4.25853
99	152	4.25853
99	159	4.25853
99	161	4.25853
99	165	4.25853
99	328	1.58155
99	568	4.74084
100	1	4.16251
100	5	3.8497
100	8	3.8497
100	21	4.16251
100	22	4.16251
100	45	4.16251
100	56	3.8497
100	63	5.77425
100	67	3.8497
100	99	4.25853
100	134	4.25853
100	152	4.25853
100	159	4.25853
100	161	4.25853
100	165	4.25853
100	742	0.652136
101	120	2.65129
101	425	3.44752
101	464	3.55226
101	490	3.91019
101	595	3.95412
101	635	4.3621
101	646	5.07607
101	650	4.09685
101	667	4.46886
101	677	4.28954
101	691	4.425
101	711	4.51671
101	724	4.64185
101	728	4.64185
101	739	4.64185
101	756	1.29156
102	78	3.10807
102	107	0.0475465
102	309	3.48473
102	413	3.68519
102	481	3.91018
102	492	3.8958
102	516	4.2056
102	579	4.41385
102	582	4.43645
102	588	4.44735
102	598	4.4186
102	601	4.19551
102	610	4.51479
102	616	4.56243
102	624	4.32144
102	693	7.25444
103	19	2.63249
103	131	2.91058
103	391	3.44449
103	427	3.57257
103	431	3.59702
103	456	3.50054
103	460	3.56032
103	484	3.63966
103	540	3.89737
103	622	6.38544
103	645	4.44185
103	659	4.22267
103	660	4.40094
103	693	4.59317
103	694	4.59317
103	713	4.59317
104	39	3.96315
104	52	4.00358
104	60	3.962
104	61	3.98192
104	175	3.8017
104	177	3.8084
104	197	3.91741
104	223	4.18425
104	234	4.19627
104	269	4.2939
104	296	4.29534
104	338	4.39736
104	339	4.39736
104	350	4.39736
104	422	2.2748
104	936	4.61915
105	170	6.4
105	604	3.32757
105	613	3.17211
105	615	3.33298
105	648	3.55499
105	669	3.2855
105	692	3.6121
105	718	3.67332
105	722	3.82874
105	747	3.89113
105	788	4.08062
105	799	4.17572
105	801	4.34513
105	820	4.44003
105	822	4.44003
105	823	4.44003
106	204	7.00928
106	482	3.22088
106	575	3.64382
106	596	3.67851
106	611	3.71249
106	617	3.65913
106	663	3.93404
106	670	0.00303806
106	712	4.18322
106	744	4.26856
106	746	4.44072
106	756	4.36764
106	771	4.665
106	777	4.6836
106	778	4.54196
106	784	4.60045
107	102	0.0475465
107	222	6.35444
107	384	2.61948
107	554	3.59128
107	604	3.66113
107	630	3.83724
107	648	3.88855
107	684	3.82678
107	722	4.1623
107	723	4.09033
107	788	4.41418
107	799	4.50928
107	801	4.67869
107	820	4.77359
107	822	4.77359
107	823	4.77359
108	18	4.19356
108	28	3.87816
108	32	3.87816
108	33	4.19356
108	41	3.87816
108	46	4.19356
108	59	4.19356
108	85	3.87816
108	89	3.87816
108	115	4.28699
108	119	4.28699
108	125	4.28699
108	146	4.28699
108	168	4.28699
108	248	1.27802
108	879	5.2965
109	91	2.54833
109	219	3.0103
109	316	3.29934
109	364	3.32306
109	431	3.58733
109	460	3.55064
109	484	3.62997
109	540	3.88769
109	594	3.97649
109	645	4.43216
109	659	4.21299
109	660	4.39126
109	668	6.47238
109	693	4.58348
109	694	4.58348
109	713	4.58348
110	75	3.62519
110	130	3.78687
110	144	3.78687
110	188	3.93271
110	190	3.95121
110	218	4.22472
110	228	4.50215
110	257	4.16321
110	265	4.02925
110	286	4.02925
110	336	4.39215
110	341	4.39215
110	368	4.39215
110	372	4.39215
110	383	5.07994
110	602	1.35386
111	211	3.18235
111	358	3.71986
111	359	3.60812
111	399	3.75565
111	434	3.89942
111	500	4.10252
111	511	4.07444
111	553	4.42661
111	559	4.47808
111	566	4.224
111	571	3.80919e-05
111	578	4.34536
111	607	4.42512
111	627	4.6312
111	661	4.72727
111	792	6.44428
112	16	3.69277
112	17	3.66341
112	57	3.69277
112	65	3.7352
112	113	4.10386
112	164	4.10386
112	178	4.18757
112	233	4.24078
112	261	4.20847
112	283	4.33179
112	288	4.33179
112	297	4.64415
112	308	1.22132
112	320	4.33179
112	327	4.33179
112	913	5.2126
113	16	3.65034
113	17	3.62098
113	65	3.69277
113	112	4.10386
113	138	4.06795
113	140	0.00258496
113	178	4.14514
113	233	4.19835
113	248	4.1954
113	261	4.16604
113	283	4.28936
113	288	4.28936
113	297	4.60172
113	320	4.28936
113	327	4.28936
113	733	6.30733
114	348	6.16318
114	644	1.95686
114	769	2.67003
114	825	2.87734
114	833	3.06041
114	894	3.56304
114	897	3.60405
114	934	4.19596
114	935	4.15318
114	944	4.0674
114	970	4.51192
114	973	4.58808
114	974	4.52335
114	983	4.67018
114	986	4.52859
114	994	4.62961
115	18	4.19356
115	28	3.87816
115	32	3.87816
115	33	4.19356
115	41	3.87816
115	46	4.19356
115	59	4.19356
115	85	3.87816
115	89	3.87816
115	108	4.28699
115	119	4.28699
115	125	4.28699
115	146	4.28699
115	168	4.28699
115	688	1.48799
115	931	4.86422
116	38	3.66613
116	94	3.78317
116	97	3.54948
116	142	3.83169
116	143	3.51819
116	149	3.52894
116	174	3.79577
116	192	3.61793
116	255	3.9041
116	303	3.99579
116	306	3.99442
116	333	4.1036
116	340	4.1036
116	343	4.1036
116	348	4.1036
116	713	6.30752
117	40	3.71999
117	93	3.88439
117	156	3.84091
117	180	3.97231
117	181	4.22247
117	183	4.20745
117	212	4.23022
117	215	3.97079
117	263	4.07142
117	275	4.32574
117	278	4.32284
117	293	4.32574
117	313	4.07142
117	331	4.43432
117	435	3.22602
117	979	3.12217
118	11	3.75517
118	26	3.73248
118	54	4.12811
118	122	3.91167
118	153	4.21128
118	170	4.19443
118	198	4.00906
118	202	4.00906
118	227	4.27724
118	244	4.29864
118	245	4.2927
118	254	4.00906
118	301	4.38555
118	322	4.38555
118	511	3.78147
118	851	2.83074
119	18	4.19356
119	28	3.87816
119	32	3.87816
119	33	4.19356
119	41	3.87816
119	46	4.19356
119	59	4.19356
119	85	3.87816
119	89	3.87816
119	108	4.28699
119	115	4.28699
119	125	4.28699
119	146	4.28699
119	168	4.28699
119	592	4.10436
119	963	2.31283
120	101	2.65129
120	425	3.14038
120	478	3.15393
120	490	3.60305
120	567	3.66765
120	603	3.74093
120	623	6.62449
120	656	4.03967
120	662	4.06205
120	677	3.9824
120	691	4.11786
120	706	4.22709
120	711	4.20957
120	724	4.33471
120	728	4.33471
120	739	4.33471
121	356	2.68947
121	482	3.32153
121	562	3.6908
121	575	3.74447
121	596	3.77916
121	636	0.697204
121	663	4.03469
121	712	4.28387
121	721	4.25182
121	744	4.36921
121	746	4.54137
121	771	4.76565
121	777	4.78425
121	778	4.64261
121	784	4.7011
121	882	5.7724
122	11	3.50059
122	26	3.47789
122	44	3.50726
122	47	3.82498
122	54	3.87353
122	118	3.91167
122	153	3.9567
122	170	3.93985
122	198	3.75448
122	202	3.75448
122	244	4.04406
122	245	4.03812
122	254	3.75448
122	301	4.13096
122	322	4.13096
122	866	6.55451
123	230	0.283395
123	267	3.39769
123	294	3.16231
123	329	3.61859
123	491	3.86912
123	503	4.09515
123	534	4.12728
123	560	4.21958
123	569	4.22896
123	570	4.46985
123	585	4.2308
123	599	4.23139
123	623	6.63296
123	639	4.6072
123	653	4.62641
123	671	4.71566
124	362	2.2417
124	598	0.0748989
124	609	3.29259
124	616	6.2891
124	658	3.35367
124	736	3.72049
124	757	3.8403
124	794	4.19901
124	805	4.14743
124	817	4.27742
124	834	4.44977
124	875	4.6206
124	888	4.74594
124	896	4.76195
124	906	4.85379
124	921	5.09537
125	18	4.19356
125	28	3.87816
125	32	3.87816
125	33	4.19356
125	41	3.87816
125	46	4.19356
125	59	4.19356
125	85	3.87816
125	89	3.87816
125	108	4.28699
125	115	4.28699
125	119	4.28699
125	146	4.28699
125	168	4.28699
125	790	1.63299
125	962	4.75619
126	24	3.13324
126	83	3.48741
126	147	4.18991
126	158	3.18514
126	212	2.04928
126	358	3.86939
126	416	4.01597
126	434	4.04895
126	458	4.0292
126	500	4.25205
126	511	4.22397
126	559	4.62761
126	578	4.49489
126	607	4.57465
126	627	4.78073
126	661	4.8768
127	70	4.32905
127	128	4.16194
127	151	4.16194
127	171	4.16564
127	221	4.57089
127	222	4.55362
127	232	4.27985
127	236	4.27985
127	247	4.55732
127	252	4.57089
127	289	3.12059
127	298	4.65633
127	310	4.65633
127	325	4.65633
127	468	0.137375
127	795	3.0032
128	13	3.76667
128	86	3.4694
128	127	4.16194
128	151	3.54775
128	167	3.84902
128	171	3.55145
128	221	3.95671
128	222	3.93943
128	232	3.66566
128	236	3.66566
128	247	3.94313
128	252	3.95671
128	295	6.3436
128	298	4.04215
128	310	4.04215
128	325	4.04215
129	12	3.49431
129	39	0.182186
129	55	3.55329
129	82	3.23241
129	210	4.05239
129	230	4.03177
129	319	4.09627
129	330	4.25343
129	386	4.33996
129	408	4.3779
129	418	4.33402
129	438	4.45857
129	440	4.45857
129	443	4.45857
129	457	4.45857
129	611	6.62321
130	58	3.42757
130	110	3.78687
130	144	3.51903
130	168	6.3854
130	188	3.66487
130	190	3.68337
130	218	3.95688
130	228	4.23431
130	256	3.65354
130	260	3.65354
130	265	3.76141
130	286	3.76141
130	336	4.12431
130	341	4.12431
130	368	4.12431
130	372	4.12431
131	23	2.78689
131	47	1.94995
131	103	2.91058
131	316	3.57638
131	391	3.71185
131	427	3.83992
131	484	3.90702
131	540	4.16473
131	594	4.25354
131	645	4.7092
131	659	4.49003
131	660	4.6683
131	693	4.86052
131	694	4.86052
131	713	4.86052
131	732	4.5908
132	35	3.71834
132	36	3.80477
132	66	3.43463
132	69	3.4435
132	133	3.55188
132	179	3.56041
132	201	3.96119
132	205	3.94091
132	207	3.97172
132	237	3.96882
132	272	3.79579
132	279	4.0638
132	284	4.06686
132	332	4.15869
132	337	4.15869
132	946	6.43569
133	35	3.6898
133	36	3.77623
133	69	3.41496
133	96	3.80565
133	132	3.55188
133	175	6.4
133	179	3.53187
133	201	3.93265
133	205	3.91237
133	207	3.94318
133	237	3.94028
133	272	3.76725
133	279	4.03526
133	284	4.03832
133	332	4.13015
133	337	4.13015
134	1	4.16251
134	5	3.8497
134	8	3.8497
134	21	4.16251
134	22	4.16251
134	45	4.16251
134	56	3.8497
134	67	3.8497
134	99	4.25853
134	100	4.25853
134	152	4.25853
134	159	4.25853
134	161	4.25853
134	165	4.25853
134	335	3.69309
134	592	2.73227
135	413	3.59088
135	473	3.75303
135	481	3.81587
135	516	4.11129
135	536	4.03085
135	561	4.06191
135	564	4.00456
135	579	4.31953
135	582	4.34214
135	588	4.35304
135	601	4.10119
135	610	4.42048
135	616	4.46812
135	624	4.22712
135	782	5.42569
135	950	1.29802
136	22	0.742471
136	239	3.58614
136	248	5.73126
136	280	3.96771
136	323	3.70972
136	328	4.05298
136	334	4.06823
136	344	4.10615
136	351	4.0306
136	367	4.06785
136	411	4.17515
136	419	4.15483
136	444	4.26533
136	453	4.53692
136	454	4.26533
136	483	4.61308
137	35	3.98866
137	36	4.0751
137	66	3.70496
137	69	3.71383
137	96	4.10451
137	179	3.83073
137	201	4.23151
137	205	4.21124
137	207	4.24204
137	237	4.23915
137	272	4.06611
137	279	4.33412
137	332	4.42901
137	337	4.42901
137	477	0.00523629
137	551	6.56989
138	16	3.65687
138	17	3.62751
138	57	3.65687
138	113	4.06795
138	164	4.06795
138	178	4.15167
138	233	4.20488
138	248	4.20193
138	261	4.17256
138	283	4.29589
138	288	4.29589
138	297	4.60825
138	320	4.29589
138	327	4.29589
138	728	1.6652
138	917	4.7647
139	7	2.67592
139	317	3.2
139	422	3.28544
139	509	3.81772
139	513	3.57645
139	517	3.5763
139	556	3.59974
139	593	4.03253
139	597	3.75262
139	619	3.82941
139	622	4.11742
139	655	3.96859
139	664	4.3159
139	686	4.27356
139	701	4.3892
139	710	4.3892
140	14	3.81576
140	113	0.00258496
140	213	4.04378
140	278	3.01254
140	285	4.16376
140	290	4.19403
140	357	4.28201
140	388	4.42507
140	397	4.42507
140	402	4.38352
140	442	4.5207
140	469	4.83415
140	474	4.6127
140	506	4.94972
140	520	4.94972
140	535	3.49285
141	755	2.1987
141	833	2.88971
141	876	6.41777
141	894	3.39233
141	912	3.61068
141	926	3.81142
141	930	3.80402
141	932	3.81943
141	934	4.02526
141	935	3.98247
141	948	4.09131
141	962	4.24103
141	973	4.41737
141	983	4.49948
141	986	4.35789
141	994	4.4589
142	9	3.71394
142	37	3.7223
142	38	4.03403
142	97	3.91737
142	116	3.83169
142	143	3.88608
142	149	3.89683
142	192	3.98583
142	303	4.36368
142	306	4.36231
142	316	2.21206
142	333	4.47149
142	340	4.47149
142	343	4.47149
142	348	4.47149
142	723	4.2425
143	9	3.40043
143	37	3.40879
143	71	6.4
143	94	3.83756
143	97	3.60387
143	116	3.51819
143	142	3.88608
143	149	3.58333
143	192	3.67232
143	255	3.95849
143	303	4.05018
143	306	4.04881
143	333	4.15799
143	340	4.15799
143	343	4.15799
143	348	4.15799
144	58	3.42757
144	110	3.78687
144	130	3.51903
144	188	3.66487
144	190	3.68337
144	218	3.95688
144	228	4.23431
144	256	3.65354
144	260	3.65354
144	265	3.76141
144	286	3.76141
144	336	4.12431
144	341	4.12431
144	368	4.12431
144	372	4.12431
144	691	6.40927
145	354	2.48799
145	448	5.15319
145	461	2.93831
145	582	1.26122
145	618	3.08358
145	735	3.83519
145	740	3.75091
145	750	3.91016
145	811	4.52393
145	830	4.47688
145	839	4.65812
145	853	4.70295
145	865	4.58042
145	879	4.88386
145	881	4.88386
145	885	4.88386
146	18	4.19356
146	28	3.87816
146	32	3.87816
146	33	4.19356
146	41	3.87816
146	46	4.19356
146	59	4.19356
146	85	3.87816
146	89	3.87816
146	108	4.28699
146	115	4.28699
146	119	4.28699
146	125	4.28699
146	168	4.28699
146	912	6.25556
146	925	0.248968
147	126	4.18991
147	280	3.93615
147	307	3.90609
147	323	3.67816
147	328	4.02142
147	344	4.07459
147	351	3.99904
147	367	4.03629
147	373	4.12513
147	389	4.12513
147	411	4.14359
147	444	4.23377
147	453	4.50536
147	454	4.23377
147	483	4.58152
147	918	2.24998
148	356	2.71714
148	366	3.00399
148	387	0.668637
148	505	3.8037
148	562	3.71847
148	575	3.77215
148	596	3.80683
148	712	4.31154
148	744	4.39688
148	746	4.56904
148	756	4.49597
148	771	4.79332
148	777	4.81192
148	778	4.67029
148	784	4.72877
148	880	5.74447
149	9	3.41118
149	37	3.41954
149	38	3.73127
149	94	3.84831
149	97	3.61461
149	116	3.52894
149	142	3.89683
149	143	3.58333
149	174	3.8609
149	255	3.96924
149	303	4.06092
149	333	4.16873
149	340	4.16873
149	343	4.16873
149	348	4.16873
149	590	5.73855
150	267	3.26691
150	273	3.20294
150	294	3.03153
150	329	3.48782
150	342	3.52307
150	374	6.47388
150	488	3.70766
150	503	3.96438
150	534	3.9965
150	551	3.95106
150	560	4.0888
150	569	4.09819
150	585	4.10002
150	599	4.10061
150	653	4.49564
150	671	4.58488
151	13	3.76667
151	86	3.4694
151	127	4.16194
151	128	3.54775
151	167	3.84902
151	171	3.55145
151	221	3.95671
151	222	3.93943
151	232	3.66566
151	236	3.66566
151	247	3.94313
151	252	3.95671
151	298	4.04215
151	310	4.04215
151	325	4.04215
151	352	6.37821
152	1	4.16251
152	5	3.8497
152	8	3.8497
152	21	4.16251
152	22	4.16251
152	45	4.16251
152	56	3.8497
152	67	3.8497
152	99	4.25853
152	100	4.25853
152	134	4.25853
152	159	4.25853
152	161	4.25853
152	165	4.25853
152	896	4.19968
152	984	2.2487
153	11	3.8002
153	26	3.7775
153	44	3.80687
153	47	4.12459
153	71	0.080487
153	118	4.21128
153	122	3.9567
153	170	4.23946
153	198	4.05409
153	202	4.05409
153	227	4.32227
153	245	4.33773
153	254	4.05409
153	301	4.43057
153	322	4.43057
153	813	6.28995
154	39	3.92812
154	52	3.96855
154	60	3.92697
154	61	3.9469
154	177	3.77338
154	197	3.88239
154	223	4.14923
154	246	4.14981
154	269	4.25887
154	296	4.26032
154	317	4.26841
154	338	4.36234
154	339	4.36234
154	350	4.36234
154	508	1.39048
154	878	4.9819
155	42	2.29858
155	71	2.44168
155	194	7.00928
155	482	3.3028
155	505	3.7573
155	568	3.916
155	575	3.72574
155	596	3.76043
155	611	3.79441
155	617	3.74105
155	721	4.23309
155	744	4.35048
155	746	4.52264
155	756	4.44956
155	778	4.62388
155	784	4.68237
156	50	3.73717
156	93	3.58431
156	117	3.84091
156	160	3.56374
156	180	3.67223
156	181	3.92239
156	183	3.90737
156	212	3.93014
156	215	3.67072
156	263	3.77134
156	275	4.02566
156	293	4.02566
156	313	3.77134
156	318	4.04277
156	331	4.13424
156	825	6.45208
157	30	3.14942
157	51	3.13933
157	345	3.65131
157	371	3.51547
157	428	3.71283
157	433	3.81997
157	447	3.99009
157	465	3.82551
157	501	3.97635
157	523	4.01661
157	527	3.98743
157	535	4.25934
157	548	4.05308
157	558	4.26917
157	626	4.2341
157	639	6.49861
158	126	3.18514
158	199	3.03091
158	211	2.98868
158	287	3.3114
158	434	3.70575
158	452	3.68659
158	494	5.74032
158	500	3.90885
158	511	3.88077
158	553	4.23293
158	559	4.2844
158	566	4.03033
158	578	4.15169
158	607	4.23145
158	627	4.43753
158	661	4.5336
159	1	4.16251
159	5	3.8497
159	8	3.8497
159	21	4.16251
159	22	4.16251
159	45	4.16251
159	56	3.8497
159	67	3.8497
159	99	4.25853
159	100	4.25853
159	134	4.25853
159	152	4.25853
159	161	4.25853
159	165	4.25853
159	676	1.52107
159	734	4.86082
160	40	3.44281
160	50	3.76007
160	93	3.60721
160	156	3.56374
160	180	3.69514
160	183	3.93027
160	212	3.95304
160	215	3.69362
160	263	3.79424
160	275	4.04857
160	278	4.04567
160	293	4.04857
160	313	3.79424
160	318	4.06567
160	331	4.15714
160	993	6.40723
161	1	4.16251
161	5	3.8497
161	8	3.8497
161	21	4.16251
161	22	4.16251
161	45	4.16251
161	56	3.8497
161	67	3.8497
161	99	4.25853
161	100	4.25853
161	134	4.25853
161	152	4.25853
161	159	4.25853
161	165	4.25853
161	202	7.00928
161	531	0.588135
162	4	2.43202
162	514	3.60799
162	595	3.86569
162	603	3.95965
162	635	4.27368
162	650	4.00843
162	667	4.38043
162	677	4.20112
162	691	4.33658
162	706	4.44581
162	711	4.42829
162	724	4.55343
162	728	4.55343
162	739	4.55343
162	849	4.5936
162	981	1.95614
163	91	2.77359
163	316	3.5246
163	347	3.48922
163	427	3.78814
163	456	3.71611
163	484	3.85523
163	540	4.11295
163	594	4.20175
163	645	4.65742
163	659	4.43825
163	660	4.61652
163	693	4.80874
163	694	4.80874
163	713	4.80874
163	782	6.14817
163	858	0.455812
164	17	3.62098
164	57	3.65034
164	65	3.69277
164	112	4.10386
164	138	4.06795
164	178	4.14514
164	233	4.19835
164	248	4.1954
164	261	4.16604
164	283	4.28936
164	288	4.28936
164	297	4.60172
164	320	4.28936
164	327	4.28936
164	403	2.22517
164	507	4.46844
165	1	4.16251
165	5	3.8497
165	8	3.8497
165	21	4.16251
165	22	4.16251
165	45	4.16251
165	56	3.8497
165	67	3.8497
165	99	4.25853
165	100	4.25853
165	134	4.25853
165	152	4.25853
165	159	4.25853
165	161	4.25853
165	955	5.0716
165	964	1.34941
166	31	2.7706
166	281	2.78281
166	329	3.59846
166	488	3.8183
166	490	3.61531
166	503	4.07502
166	534	4.10715
166	551	4.0617
166	560	4.19944
166	569	4.20883
166	570	4.44972
166	585	4.21066
166	599	4.21125
166	639	4.58707
166	653	4.60628
166	671	4.69552
167	13	4.06793
167	70	4.01613
167	128	3.84902
167	151	3.84902
167	171	3.85272
167	221	4.25798
167	222	4.2407
167	232	3.96693
167	236	3.96693
167	247	4.2444
167	252	4.25798
167	298	4.34342
167	310	4.34342
167	325	4.34342
167	937	0.00020664
167	938	6.77204
168	18	4.19356
168	28	3.87816
168	32	3.87816
168	33	4.19356
168	41	3.87816
168	46	4.19356
168	59	4.19356
168	77	0.0145983
168	85	3.87816
168	89	3.87816
168	108	4.28699
168	115	4.28699
168	119	4.28699
168	125	4.28699
168	130	6.3854
168	146	4.28699
169	27	3.06054
169	49	2.72549
169	217	3.33221
169	380	3.60997
169	395	3.56681
169	407	3.66879
169	430	3.8015
169	450	3.62877
169	538	4.17114
169	565	4.0394
169	623	4.19789
169	652	4.32704
169	680	4.39203
169	690	4.38092
169	709	4.69748
169	925	6.42681
170	11	3.78335
170	26	3.76065
170	44	3.79001
170	105	6.4
170	118	4.19443
170	122	3.93985
170	153	4.23946
170	198	4.03724
170	202	4.03724
170	227	4.30541
170	244	4.32681
170	245	4.32087
170	254	4.03724
170	301	4.41372
170	322	4.41372
170	967	3.93106e-07
171	70	3.71857
171	86	3.4731
171	127	4.16564
171	128	3.55145
171	151	3.55145
171	167	3.85272
171	221	3.96041
171	222	3.94313
171	232	3.66936
171	236	3.66936
171	247	3.94683
171	252	3.96041
171	298	4.04585
171	310	4.04585
171	325	4.04585
171	900	6.47348
172	225	0.192534
172	365	6.678
