1	4	5.42772
1	16	5.42466
1	17	5.61441
1	22	5.42741
1	45	5.42352
1	66	5.50194
1	85	5.49068
1	126	5.76511
1	136	5.57885
1	169	5.74931
1	186	5.83198
1	197	5.82348
1	210	5.83001
1	225	5.89121
1	227	5.90005
1	230	5.90322
1	231	5.89764
1	233	5.89175
1	238	5.89365
1	242	5.8979
1	258	5.96606
1	263	5.96998
1	270	5.96115
1	274	5.95624
1	282	5.96966
1	286	5.97168
1	290	5.97168
1	293	6.02953
1	298	6.02948
1	323	6.02944
1	326	6.02939
1	344	6.27093
1	351	6.84043
1	743	7.16334
1	914	6.94331
2	21	5.88585
2	23	5.68365
2	24	5.89182
2	27	5.8768
2	33	5.86082
2	39	5.86045
2	43	5.67911
2	52	5.51906
2	57	5.68779
2	59	5.67231
2	65	5.92304
2	95	5.7728
2	125	6.00347
2	162	6.01325
2	167	6.0002
2	168	5.82427
2	183	6.07496
2	196	6.08862
2	216	6.08119
2	239	6.1544
2	260	6.22171
2	264	6.21605
2	278	6.21585
2	283	6.21018
2	287	6.21253
2	294	6.28157
2	300	6.28153
2	313	6.28148
2	315	6.28144
2	316	6.28139
2	320	6.28135
2	431	5.11209
2	720	4.93773
2	819	5.21675
2	845	5.84097
3	12	5.6356
3	46	5.44878
3	61	5.62573
3	72	5.68845
3	79	5.70789
3	88	5.68946
3	94	5.69449
3	100	5.50022
3	104	5.70017
3	122	5.70364
3	123	5.59591
3	140	5.58294
3	153	5.76373
3	155	5.77255
3	160	5.77136
3	209	5.83913
3	221	5.72364
3	249	5.89899
3	253	5.91225
3	256	5.97243
3	262	5.96842
3	268	5.95914
3	272	5.96832
3	276	5.96647
3	281	5.96631
3	284	5.96617
3	292	5.96314
3	301	6.2097
3	305	6.03154
3	306	6.03149
3	314	6.03145
3	330	6.03141
3	428	7.5351
3	450	5.07121
3	976	8.12728
4	1	5.42772
4	17	5.60558
4	22	5.41858
4	55	5.58642
4	56	5.41643
4	66	5.49311
4	85	5.48185
4	136	5.57002
4	167	5.17159
4	168	8.02832
4	169	5.74048
4	181	5.80882
4	186	5.82315
4	197	5.81465
4	212	5.81134
4	227	5.89122
4	230	5.89438
4	231	5.88881
4	233	5.88292
4	238	5.88482
4	242	5.88907
4	258	5.95723
4	263	5.96115
4	270	5.95232
4	274	5.94741
4	280	5.94771
4	282	5.96083
4	286	5.96284
4	290	5.96284
4	293	6.0207
4	298	6.02065
4	323	6.02061
4	326	6.02056
4	344	6.2621
4	565	7.32991
5	30	2.67389
5	35	4.65472
5	202	4.72638
5	446	5.57313
5	513	5.74743
5	525	5.59305
5	528	5.68634
5	546	5.64869
5	554	5.85858
5	556	5.6838
5	582	5.9208
5	603	5.96044
5	615	5.97075
5	623	5.99176
5	632	5.99911
5	637	5.96615
5	639	6.01921
5	649	6.04108
5	665	6.12124
5	698	6.18675
5	708	6.22044
5	713	6.35057
5	716	6.39916
5	717	6.23269
5	730	6.30075
5	734	6.43514
5	743	7.17233
5	744	6.28118
5	751	5.14701
5	758	6.51794
5	779	6.53391
5	787	6.53515
5	792	6.60237
5	798	6.60233
5	820	5.7654
6	20	5.05316
6	88	3.25247
6	257	5.44453
6	341	5.55881
6	357	5.59101
6	390	5.65971
6	412	5.62499
6	419	5.73587
6	448	5.74943
6	454	5.98799
6	458	5.95191
6	463	5.97858
6	476	5.84315
6	481	6.00371
6	496	5.98126
6	500	5.87538
6	522	6.08783
6	558	6.03615
6	567	6.18343
6	571	6.18995
6	576	6.18323
6	587	6.26905
6	597	6.24538
6	607	6.24763
6	608	6.24282
6	616	6.28585
6	620	6.30811
6	622	6.30726
6	650	6.53259
6	653	6.37553
6	656	6.36868
6	679	6.4232
6	881	6.34212
6	884	4.95568
6	905	5.94284
7	175	4.46908
7	331	4.71775
7	361	4.75516
7	372	4.86436
7	444	5.06552
7	465	5.05962
7	505	5.13509
7	553	5.3021
7	590	5.39411
7	617	5.63669
7	618	5.40379
7	619	5.29843
7	631	5.45474
7	672	5.60517
7	680	5.82205
7	682	5.79491
7	703	5.67075
7	709	7.98421
7	738	5.87741
7	775	5.91161
7	781	5.94603
7	783	7.47512
7	786	6.03452
7	817	6.1983
7	832	6.39069
7	857	6.36288
7	872	6.45106
7	881	6.52125
7	890	6.50425
7	892	6.57192
7	894	6.67835
7	910	6.60274
7	914	6.74776
7	916	6.60267
7	929	6.78749
8	47	5.23908
8	119	4.02469
8	187	4.57329
8	226	4.64543
8	318	4.83931
8	409	6.7386
8	457	5.08445
8	504	5.17404
8	523	5.25244
8	526	5.20013
8	577	5.45015
8	593	5.55976
8	609	5.57269
8	640	4.51315
8	651	5.70537
8	660	5.72874
8	696	6.00413
8	722	6.02539
8	753	6.17517
8	757	6.11989
8	759	6.09112
8	780	6.23373
8	824	6.4386
8	825	6.43651
8	829	6.37676
8	847	6.47628
8	856	6.52527
8	886	6.74157
8	887	6.74806
8	888	6.65431
8	922	6.89447
8	924	6.93981
8	926	6.79132
8	927	6.90897
8	934	6.97442
9	21	5.6936
9	23	5.4914
9	27	5.68455
9	33	5.66856
9	39	5.6682
9	43	5.48686
9	52	5.32681
9	59	5.48006
9	71	5.74684
9	82	5.75051
9	92	5.5759
9	95	5.58055
9	125	5.81121
9	144	5.80494
9	162	5.82099
9	167	5.80794
9	168	5.63202
9	183	5.88271
9	196	5.89636
9	216	5.88893
9	239	5.96215
9	255	6.02356
9	260	6.02945
9	264	6.0238
9	278	6.02359
9	287	6.02027
9	294	6.08932
9	300	6.08927
9	313	6.08923
9	315	6.08918
9	316	6.08914
9	320	6.08909
9	715	5.3206
9	733	6.86047
9	933	8.53001
10	25	5.60996
10	60	5.57667
10	77	5.50877
10	83	5.50039
10	84	5.69302
10	120	5.67214
10	152	5.5694
10	180	5.79653
10	224	5.87114
10	238	3.11461
10	259	5.94147
10	275	5.93741
10	296	6.02929
10	311	6.01839
10	335	6.2633
10	338	6.0915
10	347	6.08901
10	359	6.09893
10	368	6.16439
10	370	6.16584
10	376	6.15598
10	382	6.16212
10	400	6.00082
10	402	6.16095
10	404	6.15765
10	405	6.16272
10	415	6.39458
10	429	6.38754
10	437	6.22882
10	439	6.22877
10	440	6.22873
10	455	6.4596
10	630	4.90173
10	668	7.74292
10	692	4.69692
11	191	4.46056
11	385	3.46644
11	457	4.95406
11	464	5.10248
11	514	5.23429
11	537	6.07485
11	551	5.39267
11	616	5.45391
11	619	5.5121
11	628	5.4288
11	646	5.55227
11	655	5.5264
11	660	5.59835
11	696	5.87374
11	706	5.87597
11	735	5.75163
11	746	5.98329
11	753	6.04479
11	754	6.04302
11	780	6.10335
11	814	6.20407
11	824	6.30822
11	825	6.30612
11	828	6.25153
11	829	6.24637
11	847	6.34589
11	856	6.39488
11	886	6.61119
11	887	6.61768
11	888	6.52393
11	922	6.76409
11	924	6.80942
11	926	6.66093
11	927	6.77859
11	934	6.84403
12	3	5.6356
12	46	5.65105
12	61	5.828
12	79	5.91015
12	88	5.89173
12	94	5.89675
12	110	5.69702
12	123	5.79818
12	140	5.78521
12	145	5.94506
12	148	5.94995
12	153	5.96599
12	155	5.97481
12	156	5.9568
12	160	5.97363
12	209	6.04139
12	221	5.92591
12	229	3.31554
12	249	6.10125
12	253	6.11451
12	256	6.17469
12	262	6.17068
12	268	6.1614
12	272	6.17059
12	276	6.16874
12	281	6.16857
12	284	6.16843
12	292	6.16541
12	305	6.2338
12	306	6.23376
12	314	6.23371
12	330	6.23367
12	655	5.61894
12	776	5.71045
12	957	6.20241
13	14	5.76384
13	29	5.77495
13	47	5.58321
13	50	5.76672
13	51	5.5867
13	53	5.77592
13	58	5.58153
13	73	5.65305
13	74	5.64585
13	76	5.65155
13	93	5.65344
13	96	5.83295
13	97	5.65421
13	99	5.8268
13	107	5.84191
13	108	5.65841
13	116	5.8392
13	121	5.8366
13	132	5.72254
13	146	5.90778
13	165	5.91001
13	172	5.97298
13	173	5.97704
13	176	5.79155
13	194	5.97291
13	199	5.96713
13	218	5.97681
13	220	6.03775
13	222	6.0377
13	229	6.03765
13	243	6.03761
13	245	6.03757
13	560	5.58475
13	842	8.03071
13	928	7.06698
14	13	5.76384
14	29	5.95745
14	31	5.93817
14	47	5.76572
14	51	5.76921
14	53	5.95842
14	73	5.83556
14	74	5.82835
14	93	5.83595
14	96	6.01545
14	97	5.83672
14	99	6.0093
14	107	6.02441
14	108	5.84091
14	116	6.0217
14	132	5.90504
14	139	6.08385
14	146	6.09028
14	157	5.89915
14	165	6.09251
14	172	6.15549
14	173	6.15955
14	176	5.97405
14	194	6.15541
14	199	6.14964
14	218	6.15932
14	220	6.22025
14	222	6.2202
14	229	6.22016
14	243	6.22011
14	245	6.22007
14	433	3.97451
14	498	6.22977
14	530	4.88199
14	625	5.77413
15	206	4.42176
15	374	4.73674
15	385	5.00627
15	403	5.06997
15	425	4.82016
15	433	5.09485
15	478	5.31772
15	548	5.23245
15	596	5.46777
15	601	5.50191
15	673	5.8932
15	675	5.70469
15	689	5.88483
15	699	5.71985
15	707	6.0018
15	709	5.79518
15	727	6.07521
15	735	6.08109
15	736	5.97883
15	740	5.90325
15	749	6.0232
15	757	5.31563
15	772	5.97976
15	811	6.29406
15	820	6.28409
15	834	6.29943
15	850	6.39587
15	858	6.41497
15	861	6.60234
15	871	6.49821
15	877	6.46464
15	883	6.66643
15	905	6.721
15	916	7.46282
15	921	8.08083
16	1	5.42466
16	22	5.41552
16	45	5.41163
16	55	5.58336
16	66	5.49005
16	85	5.47879
16	126	5.75322
16	136	5.56696
16	169	5.73742
16	186	5.82009
16	197	5.81159
16	210	5.81811
16	212	5.80828
16	225	5.87932
16	227	5.88816
16	230	5.89132
16	231	5.88575
16	233	5.87986
16	238	5.88176
16	242	5.88601
16	258	5.95417
16	263	5.95809
16	270	5.94926
16	280	5.94465
16	282	5.95777
16	286	5.95978
16	290	5.95978
16	293	6.01764
16	298	6.01759
16	323	6.01755
16	326	6.0175
16	344	6.25904
16	760	7.34636
16	870	5.81139
16	894	7.53555
17	1	5.61441
17	4	5.60558
17	22	5.60527
17	56	5.60312
17	66	5.67979
17	85	5.66854
17	136	5.75671
17	169	5.92716
17	181	5.99551
17	186	6.00984
17	210	6.00786
17	212	5.99802
17	225	6.06907
17	227	6.07791
17	231	6.0755
17	233	6.06961
17	238	6.07151
17	242	6.07576
17	258	6.14392
17	263	6.14784
17	270	6.13901
17	274	6.1341
17	280	6.13439
17	282	6.14752
17	286	6.14953
17	290	6.14953
17	293	6.20739
17	298	6.20734
17	323	6.2073
17	326	6.20725
17	344	6.44879
17	572	3.88029
17	748	6.31504
17	764	5.86198
17	894	4.60825
18	19	5.78
18	30	5.96731
18	34	5.95711
18	36	5.97542
18	38	5.94667
18	41	5.76835
18	48	5.78013
18	69	6.03727
18	103	6.03317
18	112	6.03127
18	115	5.8405
18	127	5.91434
18	128	6.09811
18	134	5.91668
18	147	5.91447
18	150	5.9207
18	163	5.91877
18	164	5.91676
18	171	6.15964
18	174	5.98389
18	177	6.16552
18	179	5.98384
18	184	5.9838
18	195	6.16716
18	200	6.16371
18	201	6.1672
18	211	5.98363
18	215	6.15931
18	219	6.22991
18	241	6.22986
18	248	6.22982
18	690	5.47035
18	718	4.43466
18	760	5.48472
18	893	5.35791
19	18	5.78
19	30	5.7826
19	34	5.7724
19	36	5.79071
19	41	5.58364
19	48	5.59542
19	63	5.58933
19	69	5.85257
19	101	5.85014
19	112	5.84657
19	114	5.83598
19	115	5.6558
19	119	5.84708
19	127	5.72963
19	128	5.9134
19	134	5.73197
19	147	5.72976
19	150	5.73599
19	163	5.73406
19	164	5.73205
19	174	5.79918
19	177	5.98081
19	179	5.79913
19	184	5.79909
19	195	5.98246
19	200	5.979
19	201	5.98249
19	211	5.79892
19	215	5.9746
19	219	6.0452
19	241	6.04515
19	248	6.04511
19	503	5.7654
19	938	6.83466
19	989	8.3898
20	6	5.05316
20	165	3.50084
20	357	5.53709
20	384	5.71596
20	390	5.60579
20	443	5.65621
20	454	5.93406
20	463	5.92465
20	467	5.87012
20	471	5.78
20	476	5.78922
20	481	5.94978
20	496	5.92733
20	500	5.82145
20	517	5.822
20	522	6.0339
20	534	5.90215
20	558	5.98222
20	567	6.1295
20	571	6.13602
20	572	6.1327
20	576	6.1293
20	587	6.21512
20	597	6.19145
20	607	6.1937
20	608	6.18889
20	612	5.04957
20	620	6.25418
20	622	6.25333
20	638	6.44829
20	650	6.47866
20	653	6.3216
20	656	6.31476
20	679	6.36927
20	886	6.28103
21	2	5.88585
21	9	5.6936
21	23	5.68828
21	24	5.89645
21	27	5.88143
21	33	5.86544
21	43	5.68374
21	52	5.52369
21	59	5.67694
21	65	5.92767
21	71	5.94372
21	82	5.94739
21	92	5.77278
21	95	5.77743
21	125	6.00809
21	144	6.00182
21	167	6.00482
21	183	6.07959
21	198	4.76212
21	216	6.08581
21	226	3.38038
21	239	6.15903
21	243	4.85313
21	255	6.22044
21	260	6.22633
21	264	6.22068
21	283	6.2148
21	287	6.21716
21	294	6.2862
21	300	6.28615
21	313	6.28611
21	315	6.28606
21	316	6.28602
21	320	6.28597
21	477	7.28946
22	1	5.42741
22	4	5.41858
22	16	5.41552
22	17	5.60527
22	45	5.41438
22	56	5.41611
22	126	5.75597
22	136	5.56971
22	169	5.74016
22	181	5.80851
22	197	5.81434
22	210	5.82086
22	212	5.81102
22	225	5.88207
22	227	5.8909
22	230	5.89407
22	231	5.88849
22	238	5.88451
22	242	5.88875
22	256	5.3747
22	258	5.95692
22	263	5.96083
22	270	5.952
22	274	5.94709
22	280	5.94739
22	282	5.96052
22	286	5.96253
22	290	5.96253
22	293	6.02039
22	298	6.02034
22	323	6.02029
22	326	6.02025
22	344	6.26178
22	885	7.15902
22	938	8.31513
23	2	5.68365
23	9	5.4914
23	21	5.68828
23	24	5.69425
23	33	5.66324
23	39	5.66288
23	43	5.48154
23	52	5.32149
23	57	5.49021
23	82	5.74519
23	92	5.57058
23	95	5.57523
23	100	8.03195
23	144	5.79962
23	162	5.81568
23	167	5.80262
23	168	5.6267
23	183	5.87739
23	196	5.89104
23	216	5.88361
23	239	5.95683
23	255	6.01824
23	260	6.02413
23	264	6.01848
23	278	6.01827
23	283	6.0126
23	287	6.01496
23	294	6.084
23	300	6.08395
23	313	6.08391
23	315	6.08386
23	316	6.08382
23	320	6.08377
23	763	6.83358
23	848	5.85178
24	2	5.89182
24	21	5.89645
24	23	5.69425
24	27	5.8874
24	39	5.87105
24	43	5.68971
24	52	5.52966
24	57	5.69838
24	59	5.68291
24	65	5.93364
24	71	5.94969
24	85	4.18271
24	92	5.77875
24	95	5.7834
24	125	6.01406
24	144	6.00779
24	162	6.02384
24	167	6.01079
24	168	5.83487
24	196	6.09921
24	239	6.165
24	255	6.2264
24	260	6.2323
24	278	6.22644
24	283	6.22077
24	284	3.84955
24	287	6.22312
24	294	6.29217
24	300	6.29212
24	313	6.29208
24	315	6.29203
24	316	6.29198
24	320	6.29194
24	460	6.56222
24	660	6.33106
25	10	5.60996
25	44	5.57267
25	49	5.41097
25	75	6.40877
25	77	5.51131
25	78	4.57233
25	83	5.50293
25	141	5.73729
25	149	3.76953
25	152	5.57195
25	161	5.76636
25	236	5.87575
25	259	5.94402
25	275	5.93996
25	296	6.03184
25	311	6.02093
25	338	6.09405
25	347	6.09156
25	368	6.16694
25	370	6.16839
25	375	6.16137
25	376	6.15853
25	382	6.16467
25	400	6.00337
25	402	6.1635
25	404	6.1602
25	405	6.16527
25	415	6.39713
25	427	6.39538
25	429	6.39009
25	437	6.23137
25	439	6.23132
25	440	6.23128
25	455	6.46215
25	882	5.8066
26	392	5.03404
26	398	4.88711
26	423	7.19137
26	481	6.12987
26	482	5.18198
26	486	5.21653
26	540	5.27983
26	559	5.37696
26	569	7.31494
26	574	5.41739
26	599	5.39797
26	644	5.8
26	647	5.60162
26	657	5.60397
26	663	5.67511
26	678	5.66884
26	683	5.89542
26	701	5.75353
26	715	5.90764
26	725	5.95283
26	732	5.99535
26	733	5.90411
26	745	6.00473
26	763	6.10138
26	768	6.15742
26	795	6.18893
26	803	6.2377
26	805	6.20992
26	809	6.23583
26	810	6.26113
26	813	6.21273
26	816	6.22229
26	833	6.29641
26	835	6.30425
26	854	6.35844
27	2	5.8768
27	9	5.68455
27	21	5.88143
27	24	5.8874
27	33	5.85639
27	41	4.00307
27	43	5.67469
27	52	5.51464
27	57	5.68336
27	59	5.66789
27	65	5.91862
27	71	5.93467
27	82	5.93834
27	95	5.76838
27	125	5.99904
27	144	5.99277
27	168	5.81985
27	183	6.07054
27	196	6.08419
27	239	6.14998
27	255	6.21139
27	260	6.21728
27	264	6.21163
27	278	6.21142
27	283	6.20575
27	287	6.20811
27	294	6.27715
27	295	4.90579
27	300	6.2771
27	313	6.27706
27	315	6.27701
27	316	6.27697
27	320	6.27692
27	362	4.68119
27	742	7.37365
28	98	4.025
28	133	4.04391
28	138	6.91141
28	155	6.84412
28	188	4.36847
28	302	6.7974
28	377	4.73793
28	411	4.78873
28	485	5.20456
28	487	5.1039
28	535	5.2296
28	560	5.19134
28	598	5.37059
28	605	5.39671
28	669	5.59072
28	687	5.65351
28	743	5.96301
28	764	5.9658
28	785	6.17336
28	799	6.20039
28	802	6.15924
28	807	6.21304
28	815	6.18722
28	831	6.30379
28	840	6.28897
28	852	6.29713
28	878	6.46741
28	882	6.66595
28	885	6.66892
28	899	6.5771
28	906	6.6839
28	908	6.60039
28	909	6.63341
28	917	6.78794
28	932	6.81821
29	13	5.77495
29	14	5.95745
29	31	5.94928
29	47	5.77683
29	50	5.96033
29	51	5.78032
29	53	5.96953
29	58	5.77515
29	73	5.84667
29	76	5.84516
29	93	5.84706
29	96	6.02657
29	99	6.02042
29	107	6.03552
29	108	5.85202
29	116	6.03281
29	121	6.03021
29	132	5.91615
29	146	6.10139
29	157	5.91026
29	165	6.10362
29	173	6.17066
29	176	5.98516
29	185	4.05145
29	194	6.16652
29	199	6.16075
29	218	6.17043
29	220	6.23136
29	222	6.23131
29	229	6.23127
29	243	6.23122
29	245	6.23118
29	545	4.61492
29	814	5.80117
29	846	6.41501
30	5	2.67389
30	18	5.96731
30	19	5.7826
30	34	5.9597
30	36	5.97801
30	38	5.94926
30	48	5.78272
30	63	5.77663
30	69	6.03987
30	106	5.58617
30	112	6.03387
30	114	6.02329
30	115	5.8431
30	119	6.03438
30	127	5.91693
30	134	5.91928
30	147	5.91706
30	150	5.9233
30	163	5.92136
30	164	5.91936
30	171	6.16223
30	174	5.98648
30	177	6.16812
30	179	5.98643
30	184	5.9864
30	195	6.16976
30	200	6.16631
30	201	6.1698
30	211	5.98623
30	215	6.16191
30	219	6.2325
30	241	6.23246
30	248	6.23242
30	801	4.06587
30	982	8.39456
31	14	5.93817
31	29	5.94928
31	50	5.94104
31	51	5.76103
31	53	5.95025
31	73	5.82738
31	74	5.82018
31	76	5.82588
31	93	5.82777
31	96	6.00728
31	97	5.82854
31	99	6.00113
31	102	4.77549
31	108	5.83274
31	116	6.01352
31	121	6.01093
31	132	5.89687
31	133	4.77023
31	139	6.07568
31	146	6.08211
31	157	5.89098
31	165	6.08434
31	172	6.14731
31	173	6.15137
31	176	5.96588
31	194	6.14724
31	199	6.14146
31	218	6.15114
31	220	6.21207
31	222	6.21203
31	229	6.21198
31	243	6.21194
31	245	6.2119
31	924	5.59945
31	931	5.39146
32	166	4.44601
32	345	4.59327
32	393	4.75785
32	396	4.73413
32	470	5.2534
32	550	5.3213
32	565	5.50134
32	570	5.40542
32	642	5.51248
32	652	5.72794
32	692	5.79028
32	714	6.01039
32	719	5.8288
32	723	5.76919
32	737	5.84963
32	743	4.38328
32	790	6.23348
32	800	6.18592
32	808	6.25201
32	839	6.32901
32	841	6.38468
32	844	6.43093
32	862	6.43482
32	865	6.56916
32	866	6.47627
32	879	6.51459
32	889	6.69607
32	900	6.7565
32	919	6.7923
32	930	6.73675
32	933	6.73671
32	935	6.91985
32	937	6.91982
32	947	4.9352
32	989	6.15937
33	2	5.86082
33	9	5.66856
33	21	5.86544
33	23	5.66324
33	27	5.85639
33	39	5.84004
33	52	5.49865
33	57	5.66738
33	65	5.90263
33	71	5.91868
33	82	5.92235
33	92	5.74774
33	125	5.98305
33	144	5.97679
33	162	5.99284
33	167	5.97979
33	183	6.05455
33	196	6.0682
33	239	6.13399
33	255	6.1954
33	260	6.20129
33	264	6.19564
33	278	6.19543
33	283	6.18977
33	287	6.19212
33	294	6.26116
33	300	6.26111
33	313	6.26107
33	315	6.26102
33	316	6.26098
33	320	6.26094
33	396	5.68031
33	436	5.05805
33	652	4.19433
33	906	5.84705
34	18	5.95711
34	19	5.7724
34	30	5.9597
34	36	5.96781
34	38	5.93906
34	48	5.77252
34	55	3.30503
34	63	5.76643
34	69	6.02967
34	101	6.02725
34	103	6.02557
34	114	6.01309
34	115	5.8329
34	119	6.02418
34	128	6.0905
34	134	5.90908
34	150	5.9131
34	163	5.91116
34	164	5.90916
34	171	6.15203
34	174	5.97628
34	177	6.15792
34	179	5.97623
34	184	5.9762
34	195	6.15956
34	200	6.15611
34	201	6.1596
34	211	5.97603
34	215	6.15171
34	219	6.2223
34	241	6.22226
34	248	6.22222
34	316	5.24151
34	666	4.46554
34	742	7.88533
35	5	4.65472
35	96	2.28381
35	288	5.10873
35	356	5.21979
35	459	5.50165
35	492	5.6628
35	513	5.78487
35	516	5.71987
35	525	5.6305
35	541	5.78782
35	546	5.68613
35	554	5.89603
35	582	5.95825
35	603	5.99788
35	615	6.0082
35	632	6.03656
35	639	6.05666
35	649	6.07852
35	665	6.15869
35	698	6.2242
35	702	6.1973
35	707	5.25313
35	708	6.25788
35	713	6.38801
35	716	6.4366
35	717	6.27013
35	730	6.33819
35	744	6.31862
35	758	6.55539
35	779	6.57135
35	787	6.57259
35	792	6.63981
35	798	6.63978
35	897	7.12494
35	994	5.87313
36	18	5.97542
36	19	5.79071
36	30	5.97801
36	34	5.96781
36	41	5.77906
36	48	5.79083
36	63	5.78474
36	69	6.04798
36	101	6.04556
36	103	6.04388
36	114	6.0314
36	115	5.85121
36	127	5.92504
36	128	6.10881
36	134	5.92739
36	147	5.92517
36	150	5.93141
36	163	5.92947
36	164	5.92747
36	171	6.17034
36	174	5.99459
36	179	5.99454
36	184	5.99451
36	195	6.17787
36	200	6.17442
36	201	6.1779
36	211	5.99434
36	215	6.17002
36	219	6.24061
36	241	6.24057
36	248	6.24053
36	506	4.22905
36	604	4.55157
36	954	6.12348
36	984	5.90471
37	162	3.325
37	351	5.45771
37	424	3.82386
37	460	6.90698
37	694	4.86665
37	701	5.22332
37	751	5.08877
37	796	5.20841
37	812	5.27615
37	845	5.4475
37	884	5.73935
37	907	5.8597
37	923	5.93068
37	931	5.96325
37	943	6.16947
37	947	6.09771
37	951	6.15721
37	954	6.20102
37	956	6.13838
37	960	6.23254
37	961	6.28581
37	964	6.20875
37	966	6.28269
37	970	6.4054
37	975	6.29215
37	981	6.46169
37	986	6.34489
37	987	6.50168
37	988	6.5207
37	989	6.34512
37	990	6.51186
37	996	6.53257
37	997	6.41751
37	999	6.54194
37	1000	6.5325
38	18	5.94667
38	30	5.94926
38	34	5.93906
38	41	5.75031
38	69	6.01923
38	101	6.01681
38	103	6.01513
38	112	6.01323
38	114	6.00265
38	115	5.82246
38	119	6.01374
38	127	5.8963
38	128	6.08007
38	134	5.89864
38	147	5.89643
38	150	5.90266
38	163	5.90073
38	164	5.89872
38	171	6.1416
38	174	5.96585
38	177	6.14748
38	179	5.9658
38	184	5.96576
38	195	6.14912
38	200	6.14567
38	201	6.14916
38	211	5.96559
38	215	6.14127
38	219	6.21187
38	241	6.21182
38	248	6.21178
38	296	5.19109
38	350	4.74925
38	937	5.71204
38	993	5.15129
39	2	5.86045
39	9	5.6682
39	23	5.66288
39	24	5.87105
39	33	5.84004
39	57	5.66701
39	59	5.65154
39	65	5.90227
39	82	5.92199
39	92	5.74738
39	95	5.75203
39	144	5.97642
39	162	5.99248
39	167	5.97942
39	168	5.8035
39	183	6.05419
39	196	6.06784
39	216	6.06041
39	239	6.13363
39	255	6.19504
39	260	6.20093
39	264	6.19528
39	278	6.19507
39	283	6.18941
39	287	6.19176
39	294	6.2608
39	300	6.26075
39	313	6.26071
39	315	6.26066
39	316	6.26062
39	320	6.26057
39	438	4.06564
39	466	4.32311
39	643	5.91548
39	985	6.28932
40	44	5.3642
40	49	5.20249
40	77	5.30284
40	83	5.29446
40	84	5.48709
40	120	5.46621
40	141	5.52881
40	217	5.61185
40	224	5.66521
40	259	5.73555
40	296	5.82336
40	311	5.81246
40	335	6.05737
40	338	5.88557
40	347	5.88309
40	348	5.91258
40	353	6.97791
40	359	5.893
40	368	5.95847
40	370	5.95991
40	375	5.9529
40	376	5.95006
40	382	5.9562
40	400	5.79489
40	402	5.95502
40	404	5.95173
40	405	5.9568
40	415	6.18865
40	427	6.1869
40	429	6.18162
40	437	6.02289
40	439	6.02285
40	440	6.0228
40	455	6.25368
40	538	7.99055
41	18	5.76835
41	19	5.58364
41	27	4.00307
41	36	5.77906
41	38	5.75031
41	48	5.58377
41	63	5.57768
41	69	5.84091
41	101	5.83849
41	103	5.83681
41	112	5.83491
41	114	5.82433
41	119	5.83542
41	127	5.71798
41	128	5.90175
41	134	5.72032
41	147	5.71811
41	150	5.72434
41	163	5.72241
41	164	5.7204
41	171	5.96328
41	174	5.78753
41	177	5.96916
41	179	5.78748
41	184	5.78744
41	195	5.9708
41	200	5.96735
41	201	5.97084
41	211	5.78727
41	215	5.96295
41	219	6.03355
41	241	6.0335
41	248	6.03346
41	299	5.83468
41	489	10.7799
42	192	5.98569
42	353	4.34963
42	389	7.81785
42	472	4.68804
42	592	5.1651
42	612	5.10382
42	625	5.27319
42	643	5.29237
42	666	5.43705
42	670	5.39177
42	674	5.27936
42	677	5.37684
42	688	5.42959
42	690	5.3958
42	765	5.78644
42	766	5.80809
42	801	5.8159
42	806	5.87981
42	818	5.9324
42	821	6.85617
42	823	5.98059
42	849	6.01379
42	851	5.99174
42	853	6.08454
42	855	6.12055
42	874	6.33414
42	895	6.40155
42	903	6.28297
42	915	6.35889
42	921	6.33746
42	936	6.55827
42	938	6.58232
42	942	6.63138
42	944	6.63135
42	946	6.63132
43	2	5.67911
43	9	5.48686
43	21	5.68374
43	23	5.48154
43	24	5.68971
43	27	5.67469
43	52	5.31695
43	57	5.48567
43	71	5.73698
43	92	5.56604
43	95	5.57069
43	125	5.80135
43	144	5.79508
43	162	5.81114
43	167	5.79808
43	168	5.62216
43	183	5.87285
43	196	5.8865
43	216	5.87907
43	218	6.29528
43	239	5.95229
43	255	6.0137
43	260	6.01959
43	264	6.01394
43	278	6.01373
43	283	6.00807
43	287	6.01042
43	294	6.07946
43	300	6.07941
43	313	6.07937
43	315	6.07932
43	316	6.07928
43	320	6.07923
43	376	5.46136
43	660	8.98185
44	25	5.57267
44	40	5.3642
44	58	5.65059
44	60	5.53938
44	84	5.65572
44	152	5.5321
44	158	3.65713
44	161	5.72651
44	224	5.83384
44	236	5.83591
44	259	5.90418
44	296	5.992
44	311	5.98109
44	335	6.226
44	338	6.0542
44	347	6.05172
44	359	6.06163
44	368	6.1271
44	370	6.12854
44	375	6.12153
44	376	6.11869
44	382	6.12483
44	400	5.96352
44	402	6.12365
44	404	6.12036
44	405	6.12543
44	415	6.35728
44	427	6.35553
44	429	6.35025
44	437	6.19152
44	439	6.19148
44	440	6.19144
44	455	6.42231
44	688	6.13514
44	814	5.53881
45	1	5.42352
45	16	5.41163
45	22	5.41438
45	55	5.58221
45	56	5.41222
45	66	5.4889
45	85	5.47765
45	126	5.75208
45	181	5.80462
45	186	5.81894
45	210	5.81697
45	212	5.80713
45	225	5.87818
45	227	5.88701
45	230	5.89018
45	231	5.88461
45	233	5.87871
45	238	5.88062
45	242	5.88487
45	258	5.95303
45	263	5.95695
45	270	5.94812
45	274	5.94321
45	280	5.9435
45	282	5.95663
45	286	5.95864
45	290	5.95864
45	293	6.0165
45	298	6.01645
45	323	6.0164
45	326	6.01636
45	344	6.25789
45	622	6.20381
45	806	6.33858
45	964	8.21573
46	3	5.44878
46	12	5.65105
46	61	5.64118
46	79	5.72334
46	88	5.70491
46	94	5.70994
46	100	5.51567
46	104	5.71562
46	110	5.51021
46	118	5.69935
46	122	5.71909
46	123	5.61136
46	140	5.59839
46	155	5.788
46	156	5.76999
46	160	5.78681
46	209	5.85458
46	221	5.73909
46	249	5.91444
46	253	5.9277
46	256	5.98788
46	262	5.98387
46	272	5.98377
46	276	5.98192
46	281	5.98176
46	284	5.98162
46	292	5.97859
46	301	6.22515
46	305	6.04699
46	306	6.04695
46	314	6.0469
46	330	6.04686
46	577	4.54941
46	867	8.61983
46	895	7.45573
47	8	5.23908
47	13	5.58321
47	14	5.76572
47	29	5.77683
47	50	5.76859
47	51	5.58858
47	53	5.7778
47	58	5.58341
47	73	5.65493
47	74	5.64773
47	76	5.65343
47	93	5.65532
47	96	5.83483
47	97	5.65609
47	107	5.84379
47	108	5.66029
47	116	5.84107
47	132	5.72441
47	135	7.95587
47	139	5.90323
47	146	5.90966
47	157	5.71853
47	165	5.91189
47	172	5.97486
47	173	5.97892
47	176	5.79343
47	194	5.97479
47	199	5.96901
47	218	5.97869
47	220	6.03962
47	222	6.03958
47	229	6.03953
47	243	6.03949
47	245	6.03945
47	787	7.67008
48	18	5.78013
48	19	5.59542
48	30	5.78272
48	34	5.77252
48	36	5.79083
48	41	5.58377
48	63	5.58945
48	69	5.85269
48	101	5.85027
48	103	5.84859
48	112	5.84669
48	115	5.65592
48	119	5.8472
48	127	5.72975
48	128	5.91352
48	134	5.7321
48	147	5.72988
48	150	5.73612
48	163	5.73419
48	164	5.73218
48	171	5.97505
48	174	5.7993
48	177	5.98094
48	179	5.79925
48	184	5.79922
48	195	5.98258
48	200	5.97913
48	201	5.98262
48	211	5.79905
48	219	6.04532
48	241	6.04528
48	248	6.04524
48	805	6.17614
48	867	6.81339
48	903	7.8049
49	25	5.41097
49	40	5.20249
49	77	5.30977
49	120	5.47314
49	122	5.09802
49	152	5.3704
49	161	5.56481
49	180	5.59753
49	217	5.61878
49	224	5.67214
49	259	5.74247
49	275	5.73842
49	296	5.83029
49	311	5.81939
49	335	6.0643
49	338	5.8925
49	347	5.89001
49	359	5.89993
49	368	5.9654
49	370	5.96684
49	375	5.95983
49	376	5.95699
49	382	5.96312
49	400	5.80182
49	402	5.96195
49	404	5.95866
49	405	5.96373
49	415	6.19558
49	427	6.19383
49	437	6.02982
49	439	6.02978
49	440	6.02973
49	455	6.2606
49	777	6.87332
49	847	8.77263
50	13	5.76672
50	29	5.96033
50	31	5.94104
50	47	5.76859
50	51	5.77208
50	53	5.9613
50	58	5.76691
50	74	5.83123
50	76	5.83693
50	96	6.01833
50	97	5.83959
50	99	6.01218
50	108	5.84379
50	116	6.02458
50	121	6.02198
50	132	5.90792
50	139	6.08673
50	146	6.09316
50	157	5.90203
50	165	6.09539
50	172	6.15836
50	173	6.16243
50	176	5.97693
50	194	6.15829
50	199	6.15251
50	218	6.1622
50	220	6.22313
50	222	6.22308
50	229	6.22303
50	243	6.22299
50	245	6.22295
50	653	4.85233
50	718	3.71804
50	866	5.48846
50	908	6.50824
51	13	5.5867
51	14	5.76921
51	29	5.78032
51	31	5.76103
51	47	5.58858
51	50	5.77208
51	53	5.78129
51	58	5.5869
51	73	5.65842
51	76	5.65692
51	93	5.65881
51	96	5.83832
51	97	5.65958
51	99	5.83217
51	107	5.84728
51	108	5.66378
51	116	5.84456
51	121	5.84197
51	132	5.7279
51	139	5.90672
51	157	5.72202
51	165	5.91538
51	172	5.97835
51	173	5.98241
51	176	5.79692
51	194	5.97828
51	218	5.98218
51	220	6.04311
51	222	6.04307
51	229	6.04302
51	243	6.04298
51	245	6.04294
51	288	4.52211
51	829	8.46461
51	882	7.65607
52	2	5.51906
52	9	5.32681
52	21	5.52369
52	23	5.32149
52	24	5.52966
52	27	5.51464
52	33	5.49865
52	43	5.31695
52	57	5.32562
52	59	5.31015
52	65	5.56088
52	71	5.57693
52	82	5.5806
52	92	5.40599
52	95	5.41064
52	144	5.63503
52	162	5.65109
52	168	5.46211
52	196	5.72645
52	209	9.95207
52	216	5.71902
52	239	5.79224
52	255	5.85365
52	260	5.85954
52	264	5.85389
52	278	5.85368
52	283	5.84802
52	287	5.85037
52	294	5.91941
52	300	5.91936
52	313	5.91932
52	315	5.91927
52	316	5.91923
52	320	5.91918
52	577	10.7394
53	13	5.77592
53	14	5.95842
53	29	5.96953
53	31	5.95025
53	47	5.7778
53	50	5.9613
53	51	5.78129
53	58	5.77612
53	73	5.84764
53	74	5.84043
53	93	5.84803
53	96	6.02753
53	97	5.8488
53	99	6.02139
53	107	6.03649
53	108	5.85299
53	121	6.03118
53	139	6.09593
53	146	6.10236
53	157	5.91123
53	165	6.10459
53	172	6.16757
53	173	6.17163
53	176	5.98613
53	199	6.16172
53	218	6.1714
53	220	6.23233
53	222	6.23228
53	229	6.23224
53	243	6.23219
53	245	6.23215
53	694	3.24073
53	747	6.07925
53	879	5.2681
53	965	6.24955
54	159	5.39278
54	295	4.49117
54	413	4.70977
54	472	4.87827
54	520	4.62768
54	566	5.10029
54	625	5.46341
54	626	5.30925
54	635	5.34236
54	659	4.74537
54	666	5.62728
54	670	5.582
54	691	5.74114
54	705	5.78127
54	712	5.77882
54	765	5.97667
54	788	5.80619
54	806	6.07004
54	818	6.12263
54	823	6.17081
54	853	6.27477
54	855	6.31077
54	874	6.52437
54	880	6.49621
54	895	6.59177
54	903	6.47319
54	913	6.66188
54	915	6.54912
54	921	6.52768
54	936	6.7485
54	938	6.77254
54	942	6.82161
54	944	6.82158
54	946	6.82154
54	948	6.01244
55	4	5.58642
55	16	5.58336
55	34	3.30503
55	45	5.58221
55	66	5.66063
55	112	4.25776
55	126	5.9238
55	136	5.73754
55	169	5.908
55	181	5.97634
55	186	5.99067
55	197	5.98217
55	210	5.9887
55	212	5.97886
55	225	6.0499
55	227	6.05874
55	230	6.06191
55	231	6.05633
55	233	6.05044
55	238	6.05234
55	242	6.05659
55	258	6.12475
55	263	6.12867
55	274	6.11493
55	280	6.11523
55	282	6.12836
55	286	6.13037
55	290	6.13037
55	293	6.18822
55	298	6.18818
55	323	6.18813
55	326	6.18809
55	344	6.42962
55	487	5.48968
55	976	7.55378
56	4	5.41643
56	17	5.60312
56	22	5.41611
56	45	5.41222
56	66	5.49064
56	85	5.47938
56	126	5.75382
56	136	5.56756
56	169	5.73801
56	181	5.80635
56	185	6.19327
56	186	5.82068
56	197	5.81218
56	210	5.81871
56	212	5.80887
56	225	5.87992
56	227	5.88875
56	230	5.89192
56	233	5.88045
56	242	5.8866
56	258	5.95476
56	263	5.95868
56	270	5.94985
56	274	5.94494
56	280	5.94524
56	282	5.95837
56	286	5.96038
56	290	5.96038
56	293	6.01823
56	298	6.01819
56	323	6.01814
56	326	6.0181
56	344	6.25963
56	639	7.0769
56	891	7.50229
57	2	5.68779
57	23	5.49021
57	24	5.69838
57	27	5.68336
57	33	5.66738
57	39	5.66701
57	43	5.48567
57	52	5.32562
57	59	5.47887
57	65	5.7296
57	82	5.74932
57	92	5.57472
57	95	5.57936
57	118	5.38449
57	125	5.81003
57	167	5.80676
57	168	5.63083
57	183	5.88152
57	196	5.89518
57	216	5.88775
57	239	5.96096
57	255	6.02237
57	260	6.02827
57	264	6.02261
57	278	6.02241
57	283	6.01674
57	287	6.01909
57	294	6.08813
57	300	6.08809
57	313	6.08804
57	315	6.088
57	316	6.08795
57	320	6.08791
57	520	7.49202
57	862	7.79149
58	13	5.58153
58	29	5.77515
58	44	5.65059
58	47	5.58341
58	50	5.76691
58	51	5.5869
58	53	5.77612
58	73	5.65325
58	74	5.64605
58	76	5.65175
58	93	5.65364
58	97	5.65441
58	99	5.827
58	107	5.84211
58	108	5.65861
58	116	5.83939
58	121	5.8368
58	132	5.72273
58	139	5.90155
58	146	5.90798
58	157	5.71685
58	165	5.91021
58	172	5.97318
58	173	5.97724
58	176	5.79174
58	194	5.9731
58	199	5.96733
58	218	5.97701
58	220	6.03794
58	222	6.0379
58	229	6.03785
58	243	6.03781
58	245	6.03776
58	322	6.48786
58	658	8.60724
59	2	5.67231
59	9	5.48006
59	21	5.67694
59	24	5.68291
59	27	5.66789
59	39	5.65154
59	52	5.31015
59	57	5.47887
59	65	5.71413
59	71	5.73018
59	82	5.73385
59	92	5.55924
59	95	5.56389
59	125	5.79455
59	162	5.80433
59	167	5.79128
59	183	5.86605
59	196	5.8797
59	216	5.87227
59	239	5.94549
59	255	6.0069
59	260	6.01279
59	264	6.00714
59	278	6.00693
59	283	6.00126
59	287	6.00362
59	294	6.07266
59	300	6.07261
59	313	6.07257
59	315	6.07252
59	316	6.07248
59	320	6.07243
59	536	5.76022
59	735	6.71807
59	867	8.35278
60	10	5.57667
60	44	5.53938
60	77	5.47802
60	83	5.46964
60	84	5.66227
60	141	5.704
60	217	5.78703
60	224	5.8404
60	236	5.84246
60	275	5.90667
60	296	5.99855
60	335	6.23255
60	338	6.06076
60	347	6.05827
60	359	6.06818
60	368	6.13365
60	370	6.1351
60	375	6.12808
60	376	6.12524
60	382	6.13138
60	400	5.97007
60	402	6.1302
60	404	6.12691
60	405	6.13198
60	415	6.36383
60	427	6.36208
60	429	6.3568
60	437	6.19808
60	439	6.19803
60	440	6.19799
60	455	6.42886
60	494	3.51804
60	580	5.51676
60	632	4.39293
60	959	7.39773
61	3	5.62573
61	12	5.828
61	46	5.64118
61	72	5.88085
61	79	5.90029
61	88	5.88186
61	94	5.88689
61	104	5.89256
61	110	5.68716
61	123	5.78831
61	140	5.77534
61	145	5.9352
61	148	5.94009
61	153	5.95612
61	209	6.03152
61	221	5.91604
61	249	6.09139
61	253	6.10465
61	256	6.16483
61	262	6.16081
61	268	6.15154
61	272	6.16072
61	276	6.15887
61	281	6.15871
61	284	6.15856
61	292	6.15554
61	301	6.40209
61	305	6.22394
61	306	6.22389
61	314	6.22385
61	330	6.2238
61	544	6.95176
61	641	3.92313
61	713	4.54007
61	790	5.36769
62	213	4.56188
62	234	4.558
62	362	5.11857
62	381	5.07135
62	465	5.21508
62	483	5.24502
62	509	3.385
62	527	5.34957
62	529	5.40656
62	581	5.94768
62	584	5.55484
62	589	5.62743
62	631	5.6102
62	667	5.71614
62	672	5.76063
62	680	5.97751
62	682	5.95037
62	685	5.80707
62	726	6.08863
62	755	6.1751
62	775	6.06707
62	781	6.10148
62	800	6.41237
62	817	6.35376
62	832	6.54615
62	872	6.60652
62	876	6.72886
62	881	6.6767
62	890	6.65971
62	892	6.72737
62	894	6.83381
62	910	6.75819
62	914	6.90322
62	916	6.75812
62	929	6.94295
63	19	5.58933
63	30	5.77663
63	34	5.76643
63	36	5.78474
63	41	5.57768
63	48	5.58945
63	69	5.8466
63	101	5.84418
63	103	5.8425
63	112	5.8406
63	115	5.64983
63	119	5.84111
63	127	5.72367
63	128	5.90744
63	134	5.72601
63	147	5.7238
63	150	5.73003
63	163	5.7281
63	164	5.72609
63	171	5.96897
63	174	5.79322
63	177	5.97485
63	179	5.79317
63	184	5.79313
63	195	5.97649
63	200	5.97304
63	201	5.97653
63	211	5.79296
63	215	5.96864
63	219	6.03924
63	241	6.03919
63	247	6.8192
63	248	6.03915
63	444	5.47224
63	872	8.30193
64	86	3.88566
64	247	4.17051
64	410	4.55658
64	477	4.83631
64	535	5.08846
64	598	5.22945
64	605	5.25558
64	629	5.2805
64	634	5.29324
64	687	5.51237
64	700	5.57789
64	743	5.82188
64	764	5.82466
64	785	6.03222
64	799	6.05926
64	802	6.0181
64	815	6.04609
64	831	6.16265
64	840	6.14783
64	842	6.20809
64	852	6.156
64	863	6.23655
64	876	5.73833
64	878	6.32627
64	882	6.52481
64	885	6.52778
64	891	6.34607
64	899	6.43596
64	906	6.54276
64	908	6.45925
64	909	6.49227
64	917	6.6468
64	932	6.67707
64	987	7.61642
64	996	7.56371
65	2	5.92304
65	21	5.92767
65	24	5.93364
65	27	5.91862
65	33	5.90263
65	39	5.90227
65	52	5.56088
65	57	5.7296
65	59	5.71413
65	71	5.98091
65	92	5.80997
65	125	6.04528
65	144	6.03901
65	162	6.05506
65	167	6.04201
65	168	5.86609
65	183	6.11678
65	196	6.13043
65	216	6.123
65	239	6.19622
65	255	6.25763
65	260	6.26352
65	264	6.25787
65	278	6.25766
65	283	6.25199
65	287	6.25435
65	294	6.32339
65	300	6.32334
65	313	6.3233
65	315	6.32325
65	316	6.32321
65	320	6.32316
65	417	5.01292
65	578	5.0814
65	579	4.26223
65	909	7.4379
66	1	5.50194
66	4	5.49311
66	16	5.49005
66	17	5.67979
66	45	5.4889
66	55	5.66063
66	56	5.49064
66	126	5.83049
66	136	5.64423
66	142	4.14992
66	169	5.81469
66	181	5.88303
66	186	5.89736
66	197	5.88886
66	210	5.89539
66	225	5.9566
66	227	5.96543
66	230	5.9686
66	231	5.96302
66	233	5.95713
66	238	5.95903
66	258	6.03144
66	263	6.03536
66	270	6.02653
66	274	6.02162
66	280	6.02192
66	282	6.03505
66	286	6.03706
66	290	6.03706
66	293	6.09491
66	298	6.09487
66	323	6.09482
66	326	6.09478
66	344	6.33631
66	756	9.1317
66	933	8.45094
67	70	5.62832
67	75	5.64393
67	81	5.83301
67	90	5.8068
67	91	5.83061
67	124	5.71044
67	131	5.73105
67	198	5.97382
67	203	5.96688
67	207	5.97999
67	228	6.04244
67	240	6.03495
67	254	6.10855
67	265	6.107
67	277	6.10684
67	285	6.10495
67	289	6.10063
67	291	6.09481
67	299	6.1778
67	302	6.16301
67	307	6.16299
67	322	6.34151
67	324	6.17223
67	328	6.17768
67	339	6.2364
67	351	6.23636
67	355	6.23631
67	362	6.23626
67	365	6.23622
67	366	6.23617
67	369	6.47399
67	371	6.47395
67	524	3.6954
67	720	6.157
67	798	6.63762
67	807	5.34675
68	106	6.00685
68	381	5.94134
68	386	4.59856
68	531	4.85787
68	592	5.21375
68	594	5.21029
68	621	5.22667
68	625	5.32184
68	643	5.34102
68	670	5.44042
68	674	5.32801
68	677	5.4255
68	684	5.42992
68	688	5.47824
68	691	5.59957
68	766	5.85674
68	770	5.86012
68	783	5.68477
68	788	5.66461
68	818	5.98106
68	849	6.06244
68	855	6.1692
68	874	6.3828
68	880	6.35464
68	895	6.4502
68	896	9.5928
68	903	6.33162
68	913	6.52031
68	915	6.40755
68	921	6.38611
68	928	6.53056
68	936	6.60692
68	938	6.63097
68	942	6.68003
68	944	6.68
68	946	6.67997
69	18	6.03727
69	19	5.85257
69	30	6.03987
69	34	6.02967
69	36	6.04798
69	38	6.01923
69	41	5.84091
69	48	5.85269
69	63	5.8466
69	103	6.10574
69	112	6.10384
69	114	6.09326
69	119	6.10435
69	127	5.9869
69	128	6.17067
69	134	5.98925
69	147	5.98703
69	150	5.99326
69	163	5.99133
69	164	5.98933
69	171	6.2322
69	174	6.05645
69	177	6.23808
69	179	6.0564
69	184	6.05637
69	195	6.23973
69	200	6.23628
69	211	6.05619
69	215	6.23188
69	219	6.30247
69	241	6.30243
69	248	6.30238
69	657	4.89484
69	706	4.32089
69	975	5.44798
69	982	7.26924
70	67	5.62832
70	75	5.43917
70	81	5.62826
70	90	5.60204
70	115	7.08988
70	131	5.5263
70	151	5.68573
70	198	5.76907
70	203	5.76212
70	205	5.76439
70	207	5.77524
70	228	5.83768
70	254	5.9038
70	261	5.90204
70	265	5.90225
70	277	5.90208
70	285	5.9002
70	289	5.89587
70	291	5.89005
70	299	5.97305
70	302	5.95825
70	307	5.95823
70	317	5.96346
70	322	6.13675
70	324	5.96748
70	328	5.97293
70	339	6.03165
70	351	6.0316
70	355	6.03156
70	362	6.03151
70	365	6.03146
70	366	6.03142
70	369	6.26923
70	371	6.26919
70	856	6.92885
70	992	7.84183
71	9	5.74684
71	21	5.94372
71	24	5.94969
71	27	5.93467
71	33	5.91868
71	43	5.73698
71	52	5.57693
71	59	5.73018
71	65	5.98091
71	82	6.00063
71	92	5.82602
71	95	5.83067
71	125	6.06133
71	144	6.05506
71	162	6.07111
71	167	6.05806
71	168	5.88214
71	183	6.13283
71	196	6.14648
71	216	6.13905
71	253	4.16931
71	255	6.27368
71	260	6.27957
71	264	6.27392
71	278	6.27371
71	283	6.26804
71	287	6.2704
71	294	6.33944
71	300	6.33939
71	313	6.33935
71	315	6.3393
71	316	6.33926
71	320	6.33921
71	540	5.51585
71	697	6.87018
71	729	4.83731
72	3	5.68845
72	61	5.88085
72	88	5.94458
72	94	5.94961
72	100	5.75534
72	104	5.95528
72	110	5.74988
72	118	5.93902
72	122	5.95876
72	123	5.85103
72	140	5.83806
72	145	5.99792
72	148	6.00281
72	153	6.01884
72	155	6.02766
72	156	6.00965
72	209	6.09424
72	249	6.15411
72	253	6.16737
72	256	6.22755
72	262	6.22353
72	268	6.21426
72	272	6.22344
72	276	6.22159
72	281	6.22143
72	284	6.22128
72	292	6.21826
72	301	6.46481
72	305	6.28666
72	306	6.28661
72	314	6.28657
72	330	6.28653
72	545	6.22758
72	650	4.00517
72	843	4.96141
72	875	6.39808
73	13	5.65305
73	14	5.83556
73	29	5.84667
73	31	5.82738
73	47	5.65493
73	51	5.65842
73	53	5.84764
73	58	5.65325
73	74	5.71757
73	76	5.72327
73	93	5.72516
73	96	5.90467
73	97	5.72593
73	107	5.91363
73	108	5.73013
73	116	5.91092
73	121	5.90832
73	132	5.79426
73	139	5.97307
73	146	5.9795
73	157	5.78837
73	165	5.98173
73	172	6.0447
73	173	6.04876
73	176	5.86327
73	194	6.04463
73	199	6.03885
73	218	6.04853
73	220	6.10947
73	222	6.10942
73	229	6.10937
73	243	6.10933
73	245	6.10929
73	332	6.72059
73	411	8.38015
73	843	6.3423
74	13	5.64585
74	14	5.82835
74	31	5.82018
74	47	5.64773
74	50	5.83123
74	53	5.84043
74	58	5.64605
74	73	5.71757
74	76	5.71606
74	82	4.21005
74	93	5.71796
74	96	5.89747
74	97	5.71873
74	99	5.89132
74	107	5.90642
74	108	5.72292
74	116	5.90371
74	121	5.90111
74	132	5.78705
74	139	5.96586
74	146	5.97229
74	157	5.78116
74	165	5.97452
74	172	6.0375
74	173	6.04156
74	176	5.85606
74	194	6.03742
74	199	6.03165
74	218	6.04133
74	220	6.10226
74	222	6.10221
74	229	6.10217
74	243	6.10212
74	245	6.10208
74	861	8.1926
74	917	9.22889
75	25	6.40877
75	67	5.64393
75	70	5.43917
75	81	5.64387
75	91	5.64147
75	124	5.52129
75	131	5.54191
75	170	5.75477
75	189	6.16042
75	198	5.78467
75	203	5.77773
75	205	5.78
75	207	5.79084
75	228	5.85329
75	240	5.8458
75	254	5.9194
75	261	5.91765
75	265	5.91786
75	277	5.91769
75	285	5.9158
75	289	5.91148
75	291	5.90566
75	299	5.98866
75	317	5.97907
75	322	6.15236
75	324	5.98308
75	328	5.98853
75	339	6.04726
75	351	6.04721
75	355	6.04716
75	362	6.04712
75	365	6.04707
75	366	6.04702
75	369	6.28484
75	371	6.2848
75	824	9.01731
76	13	5.65155
76	29	5.84516
76	31	5.82588
76	47	5.65343
76	50	5.83693
76	51	5.65692
76	58	5.65175
76	73	5.72327
76	74	5.71606
76	93	5.72366
76	96	5.90317
76	97	5.72443
76	99	5.89702
76	107	5.91212
76	108	5.72862
76	113	6.55034
76	116	5.90941
76	121	5.90681
76	132	5.79275
76	139	5.97157
76	146	5.97799
76	157	5.78686
76	165	5.98023
76	172	6.0432
76	173	6.04726
76	176	5.86176
76	194	6.04312
76	199	6.03735
76	218	6.04703
76	220	6.10796
76	222	6.10791
76	229	6.10787
76	243	6.10782
76	245	6.10778
76	846	8.15787
76	913	6.95562
77	10	5.50877
77	25	5.51131
77	40	5.30284
77	49	5.30977
77	60	5.47802
77	83	5.40174
77	84	5.59437
77	152	5.47075
77	161	5.66516
77	180	5.69788
77	217	5.71912
77	236	5.77456
77	259	5.84282
77	311	5.91974
77	335	6.16465
77	338	5.99285
77	359	6.00028
77	368	6.06574
77	370	6.06719
77	375	6.06017
77	376	6.05733
77	382	6.06347
77	400	5.90217
77	402	6.0623
77	404	6.059
77	405	6.06407
77	415	6.29593
77	426	7.92641
77	427	6.29418
77	429	6.28889
77	437	6.13017
77	439	6.13012
77	440	6.13008
77	455	6.36095
77	710	7.33747
77	711	6.39759
78	25	4.57233
78	166	4.52899
78	201	5.18763
78	236	4.34481
78	251	4.53299
78	364	4.84622
78	406	7.48564
78	435	5.07322
78	503	5.34649
78	530	5.44664
78	533	5.3715
78	565	5.58433
78	624	5.60296
78	648	5.70125
78	681	5.74473
78	686	6.00828
78	692	5.87326
78	714	6.09338
78	728	5.95523
78	748	6.01212
78	790	6.31647
78	800	6.26891
78	808	6.335
78	841	6.46767
78	844	6.51392
78	865	6.65215
78	866	6.55926
78	879	6.59758
78	889	6.77906
78	900	6.83948
78	901	6.82388
78	919	6.87529
78	930	6.81973
78	933	6.8197
78	935	7.00284
78	937	7.00281
79	3	5.70789
79	12	5.91015
79	46	5.72334
79	61	5.90029
79	88	5.96402
