1	163	1.64586
1	290	2.02893
1	623	2.55036
1	733	3.01542
1	778	3.03493
1	801	2.69711
1	862	3.55546
2	499	2.58969
2	544	2.86396
2	762	2.48334
2	814	1.92581
2	822	2.48333
2	897	2.36772
2	971	3.8166
3	114	1.58149
3	455	2.31238
3	508	2.83984
3	631	2.90511
3	726	3.61114
3	763	2.74386
3	822	2.5313
4	18	2.26992
4	201	1.51519
4	389	3.27827
4	412	3.69719
4	523	1.7212
4	540	2.57974
4	922	3.4426
5	259	2.69055
5	358	2.74081
5	387	2.10239
5	602	2.7701
5	679	1.89144
5	852	2.54457
5	995	3.79928
6	257	1.63178
6	422	2.78399
6	508	2.90335
6	552	3.12926
6	685	3.34714
6	697	1.93906
6	897	2.79283
7	18	2.53444
7	252	1.98051
7	466	2.24647
7	669	2.47697
7	714	2.27345
7	787	3.21687
7	907	3.79875
8	124	0.969545
8	662	2.42173
8	753	2.19158
8	765	3.45277
8	805	2.86774
8	890	3.62668
8	938	3.005
9	195	2.0231
9	271	2.74603
9	445	2.14252
9	603	1.99127
9	605	2.59738
9	888	3.12929
9	946	3.91588
10	207	2.27374
10	499	2.31193
10	544	2.1091
10	636	2.10909
10	664	2.97064
10	863	4.0055
10	866	2.73012
11	105	2.26551
11	246	3.41502
11	333	1.09978
11	599	1.96027
11	753	2.7844
11	815	3.51013
11	951	3.47475
12	189	1.89305
12	244	2.57745
12	413	2.7526
12	443	1.74483
12	777	3.50248
12	878	3.18027
12	950	2.93361
13	130	0.820229
13	357	2.75154
13	574	2.5216
13	599	2.54704
13	649	2.88165
13	753	3.37117
13	915	3.65265
14	207	2.57986
14	263	1.55655
14	458	2.42658
14	525	2.63343
14	532	2.61831
14	781	2.44899
14	858	4.25191
15	136	1.6511
15	302	2.07536
15	616	2.56833
15	688	3.1486
15	823	2.96141
15	832	2.63371
15	970	3.47491
16	386	2.12247
16	501	1.81026
16	786	3.49854
16	915	2.37628
16	934	2.69171
16	947	3.63885
16	994	2.41045
17	166	1.50433
17	192	3.03501
17	206	2.32799
17	548	3.07802
17	710	3.15339
17	776	2.32887
17	912	3.13755
18	4	2.26992
18	7	2.53444
18	214	2.21703
18	479	2.95042
18	710	2.53253
18	734	2.24865
18	982	3.77344
19	304	1.53084
19	353	1.97639
19	436	3.12403
19	813	2.9431
19	906	2.85687
19	950	3.45966
19	986	2.64571
20	429	2.08102
20	435	2.71898
20	481	2.08101
20	494	1.55547
20	659	3.50349
20	805	3.04522
20	905	3.54267
21	173	1.90984
21	339	2.87267
21	533	2.77958
21	670	1.82008
21	695	3.60011
21	877	3.30411
21	980	2.22198
22	228	1.78229
22	561	2.5751
22	688	2.88456
22	792	2.96494
22	820	2.4454
22	858	3.79939
22	896	2.08135
23	134	2.69901
23	292	1.61775
23	488	2.7829
23	709	3.75272
23	734	1.49662
23	871	2.53555
23	903	3.61092
24	26	2.74916
24	307	3.11857
24	537	3.38718
24	784	2.35386
24	845	2.57684
24	894	2.1042
24	895	2.22527
25	368	1.83185
25	490	2.63824
25	511	2.13067
25	693	2.74784
25	773	3.2565
25	799	3.25644
25	953	2.70753
26	24	2.74916
26	178	2.07009
26	647	1.92944
26	696	3.78009
26	769	2.27936
26	825	2.29231
26	863	3.40963
27	125	2.523
27	310	1.72877
27	562	2.28835
27	682	2.91242
27	745	3.52947
27	747	3.20333
27	768	2.32645
28	167	2.71633
28	474	2.50189
28	709	1.6345
28	807	2.86933
28	841	3.40583
28	919	3.35339
28	951	2.06573
29	352	1.62135
29	388	1.94675
29	860	3.0529
29	890	2.56678
29	895	3.16083
29	971	2.55745
29	983	3.64105
30	32	1.21359
30	41	2.99606
30	198	2.80922
30	461	2.27514
30	708	2.6325
30	816	3.09852
30	991	3.52907
31	119	3.58308
31	225	2.43764
31	251	3.28577
31	759	2.5348
31	928	2.27296
31	939	2.35668
31	942	2.09737
32	30	1.21359
32	184	2.05519
32	342	1.76485
32	482	2.57108
32	904	3.51801
32	933	3.97727
32	974	3.38927
33	310	2.53402
33	326	1.6836
33	618	2.55235
33	619	3.02646
33	726	3.55066
33	763	2.68338
33	781	2.52766
34	39	3.21222
34	405	0.907175
34	465	2.02679
34	699	2.89874
34	725	2.89874
34	763	4.09263
34	931	2.55536
35	97	1.96191
35	312	2.52434
35	664	2.70312
35	716	2.73416
35	717	2.70309
35	743	1.89216
35	880	3.98522
36	417	1.34321
36	764	3.04913
36	823	2.7195
36	833	2.57013
36	904	2.87583
36	933	3.33509
36	976	2.65772
37	209	2.44798
37	323	3.22046
37	518	2.05337
37	658	3.57913
37	663	2.46235
37	783	2.21363
37	986	2.53262
38	196	1.76322
38	265	2.9931
38	443	2.89749
38	446	2.82319
38	477	2.93847
38	511	3.36066
38	739	1.77497
39	34	3.21222
39	41	0.861139
39	153	2.21777
39	306	1.72691
39	694	3.79644
39	808	3.69013
39	910	2.98166
40	44	1.53166
40	627	2.28638
40	647	2.32391
40	865	2.53499
40	941	2.88093
40	991	3.21571
40	992	3.72062
41	30	2.99606
41	39	0.861139
41	99	2.65406
41	177	1.94585
41	284	3.63097
41	808	3.58112
41	910	2.87265
42	262	2.93626
42	336	2.04963
42	388	2.29119
42	493	3.41801
42	557	2.56585
42	614	2.95197
42	728	2.35352
43	110	2.99054
43	449	2.67068
43	550	3.51738
43	615	1.92611
43	764	2.40713
43	904	2.23383
43	933	2.69309
44	40	1.53166
44	61	2.59331
44	78	2.39176
44	430	3.11776
44	445	2.81746
44	627	3.75081
44	712	2.36461
45	450	2.59252
45	569	2.92869
45	598	1.40449
45	653	2.95988
45	661	2.81118
45	862	3.36922
45	880	2.48289
46	121	3.02732
46	255	0.802214
46	416	2.77602
46	453	3.44075
46	660	2.84427
46	670	2.84427
46	885	2.76913
47	501	1.60402
47	676	2.70709
47	766	2.83456
47	793	2.87597
47	862	2.38411
47	872	2.56669
47	892	3.5493
48	155	1.84588
48	546	3.30374
48	617	2.46514
48	735	1.53233
48	854	2.86908
48	963	4.11058
48	1000	2.38691
49	204	2.15919
49	525	2.38171
49	569	2.61097
49	589	2.85819
49	826	2.00654
49	881	2.51742
49	975	4.02268
50	260	3.39335
50	357	2.71867
50	402	2.53363
50	535	1.63614
50	628	2.80458
50	633	2.27136
50	823	3.15069
51	155	2.03794
51	538	2.63041
51	557	2.06756
51	619	3.27773
51	629	3.04815
51	763	2.93465
51	828	2.50708
52	145	2.30243
52	356	2.82204
52	496	1.03178
52	671	3.9024
52	723	1.80154
52	946	4.16035
52	989	2.5236
53	113	2.13103
53	122	1.27907
53	315	1.97443
53	347	1.94826
53	417	1.96088
53	438	4.1197
53	866	5.14049
54	280	1.17472
54	380	2.97245
54	592	2.39467
54	671	2.26266
54	687	3.14358
54	720	3.14364
54	985	3.46745
55	252	2.19527
55	407	2.03082
55	466	2.13254
55	622	2.41456
55	760	3.51755
55	827	3.55791
55	883	2.68015
56	181	1.30781
56	303	2.3537
56	337	3.03437
56	453	2.24951
56	513	3.83044
56	697	3.11819
56	750	2.64529
57	211	2.38498
57	240	1.84905
57	247	2.28607
57	399	2.1184
57	485	2.84953
57	617	2.97139
57	788	4.02557
58	529	2.66269
58	567	2.53725
58	752	2.75336
58	815	2.00376
58	843	2.36905
58	969	4.04103
58	990	2.15887
59	384	1.63168
59	665	3.09827
59	707	3.17388
59	715	2.13926
59	717	2.27897
59	751	2.73833
59	895	3.42283
60	70	1.44225
60	303	3.07431
60	349	2.30003
60	677	2.11262
60	971	2.88973
60	974	2.81437
60	1000	3.92704
61	44	2.59331
61	133	2.76307
61	427	1.84874
61	724	2.22846
61	820	2.4292
61	952	3.88169
61	974	2.75499
62	105	1.39294
62	399	2.8229
62	649	3.20853
62	662	2.408
62	805	2.85402
62	889	2.60433
62	922	3.2135
63	250	1.61506
63	278	1.70321
63	364	3.08459
63	934	2.95345
63	971	3.12547
63	974	3.0501
63	979	2.98222
64	555	2.53205
64	751	1.79969
64	783	2.8749
64	784	2.61278
64	894	2.36311
64	895	2.48419
64	970	3.87352
65	136	2.91176
65	186	0.988932
65	613	2.47256
65	940	3.00983
65	950	3.59327
65	963	2.78888
65	1000	2.79811
66	284	2.20376
66	313	2.15282
66	416	2.75536
66	556	2.42345
66	575	1.96012
66	763	3.91312
66	948	3.19148
67	95	2.09934
67	197	3.38703
67	474	3.17016
67	566	2.69865
67	570	2.27005
67	652	2.27006
67	801	2.62068
68	235	2.30456
68	503	2.95773
68	641	2.61553
68	776	2.6492
68	865	4.00165
68	872	2.39379
68	884	1.60363
69	84	2.79744
69	310	1.88354
69	551	2.80279
69	671	1.73541
69	708	2.84943
69	718	3.65283
69	954	2.85446
70	60	1.44225
70	427	2.15229
70	451	3.03269
70	724	2.53202
70	726	2.53351
70	937	3.69435
70	971	3.13391
71	503	1.12431
71	521	2.68585
71	593	2.76549
71	718	1.59627
71	763	3.15824
71	923	3.41839
71	961	3.80896
72	203	2.6261
72	514	1.58883
72	624	2.19862
72	680	2.27637
72	750	2.8626
72	756	3.35092
72	987	3.63654
73	139	2.13347
73	147	0.911566
73	278	3.03259
73	391	2.203
73	479	4.02991
73	946	3.34406
73	997	2.87273
74	367	2.52095
74	436	1.14656
74	477	3.36965
74	721	3.35549
74	756	2.58667
74	958	2.45357
74	962	3.08072
75	233	1.4206
75	250	2.49088
75	311	2.60836
75	470	2.3062
75	683	3.01465
75	722	2.6987
75	760	3.95335
76	252	3.02137
76	456	1.83655
76	473	1.95449
76	479	2.3858
76	613	1.75792
76	877	3.71051
76	937	3.85107
77	135	1.15799
77	158	1.62883
77	408	2.34546
77	670	2.7545
77	672	4.12943
77	764	3.28317
77	795	3.23463
78	44	2.39176
78	300	3.45151
78	383	2.98702
78	625	2.78993
78	627	1.74788
78	689	2.46366
78	749	2.65678
79	115	2.23768
79	360	2.09758
79	662	2.89567
79	678	2.5704
79	716	3.58244
79	856	3.43165
79	858	1.71629
80	221	0.792919
80	480	2.25231
80	519	3.00982
80	824	3.17262
80	853	3.83498
80	860	3.47293
80	883	2.03186
81	137	1.58431
81	181	2.56014
81	439	3.17805
81	453	3.50183
81	538	2.61078
81	841	2.17284
81	928	2.88372
82	164	3.56873
82	189	1.14851
82	329	2.34752
82	679	2.76264
82	774	2.67455
82	810	2.67454
82	894	3.38611
83	125	2.32171
83	202	2.37391
83	553	2.20054
83	555	3.22473
83	572	3.73332
83	860	2.43135
83	901	2.25512
84	69	2.79744
84	348	1.0864
84	556	2.55062
84	681	2.10415
84	744	3.48721
84	795	2.86998
84	924	3.59532
85	476	3.15548
85	626	2.5016
85	650	1.68209
85	735	3.23586
85	799	3.56172
85	911	2.34649
85	914	1.99575
86	242	2.50113
86	412	1.50754
86	608	2.76173
86	757	2.58423
86	769	2.58422
86	823	4.04044
86	828	2.5842
87	173	3.20278
87	267	1.83778
87	612	2.49039
87	645	2.8277
87	768	2.49081
87	869	2.43849
87	921	3.23795
88	310	2.41412
88	396	1.88156
88	485	2.38168
88	489	2.28342
88	625	3.3208
88	675	2.71253
88	788	3.55772
89	94	2.41711
89	282	1.96631
89	328	1.45118
89	615	3.76521
89	785	3.10942
89	851	2.73407
89	996	3.10879
90	171	2.22754
90	349	3.03649
90	515	1.75009
90	564	2.73566
90	708	4.34849
90	826	1.97441
90	861	2.50444
91	108	1.50455
91	546	2.70279
91	628	2.82662
91	707	2.85132
91	797	2.296
91	837	2.57001
91	940	3.73058
92	259	1.9363
92	696	3.06141
92	837	2.94087
92	848	3.25474
92	865	2.69335
92	888	2.12879
92	968	2.50146
93	335	2.60772
93	511	1.72048
93	610	2.96895
93	628	2.04094
93	727	3.68561
93	857	2.65232
93	988	2.89706
94	89	2.41711
94	100	2.48588
94	272	2.08309
94	496	2.81279
94	525	2.14268
94	848	2.54493
94	882	4.04579
95	67	2.09934
95	510	2.01985
95	674	3.59009
95	711	2.71644
95	801	3.57072
95	866	2.47732
95	939	2.08722
96	157	2.34747
96	614	3.29842
96	696	1.71773
96	737	2.69829
96	744	3.62654
96	954	1.67368
96	980	3.17245
97	35	1.96191
97	319	1.78282
97	663	2.58593
97	664	4.05464
97	743	3.24368
97	749	1.8539
97	955	3.08324
98	362	1.97186
98	365	2.04181
98	635	2.68821
98	650	2.5081
98	659	2.14601
98	783	3.62148
98	873	3.49244
99	41	2.65406
99	221	4.50255
99	597	2.6854
99	741	2.13506
99	815	2.08436
99	885	2.41017
99	984	2.1098
100	94	2.48588
100	447	3.50083
100	460	2.35066
100	521	2.03205
100	589	3.27512
100	796	2.15051
100	918	2.66778
101	447	1.99652
101	522	1.82819
101	589	1.77081
101	836	2.56047
101	958	3.84388
101	975	2.9353
101	988	3.62697
102	152	2.85316
102	200	2.62087
102	251	2.17049
102	274	3.78452
102	614	2.26931
102	712	1.88119
102	818	3.00503
103	380	1.93662
103	408	2.90768
103	483	1.44242
103	495	1.90478
103	549	3.01142
103	704	3.66474
103	830	3.68703
104	136	2.63503
104	140	1.71679
104	435	2.44486
104	582	2.72653
104	618	2.11115
104	644	2.75055
104	855	4.21629
105	11	2.26551
105	62	1.39294
105	146	1.90834
105	148	2.02027
105	800	3.07999
105	805	3.86579
105	938	4.00304
106	332	3.33554
106	476	2.75589
106	581	3.16686
106	652	2.29637
106	852	2.34215
106	876	1.94267
106	965	2.72742
107	108	2.08639
107	336	2.55615
107	605	3.3989
107	610	2.18772
107	641	3.32216
107	654	2.08286
107	727	2.90437
108	91	1.50455
108	107	2.08639
108	163	2.62994
108	208	1.77369
108	610	3.6395
108	654	3.53465
108	945	3.34939
109	376	2.67967
109	428	1.32299
109	450	4.16791
109	609	2.43336
109	780	2.46899
109	807	2.46897
109	896	2.99925
110	43	2.99054
110	413	3.42255
110	603	1.12352
110	663	2.89616
110	812	2.22622
110	849	3.84082
110	945	2.06914
111	385	2.36223
111	395	3.19581
111	550	3.62865
111	587	1.76318
111	745	2.71653
111	792	1.93247
111	838	2.84915
112	244	2.47854
112	521	3.76093
112	638	1.86208
112	679	2.52481
112	774	2.43671
112	810	2.4367
112	821	2.93499
113	53	2.13103
113	206	1.50458
113	254	2.37394
113	459	2.05333
113	600	3.32902
113	798	3.68886
113	875	3.43266
114	3	1.58149
114	167	2.0707
114	378	1.91758
114	604	2.37367
114	680	2.88317
114	775	3.14073
114	888	4.53914
115	79	2.23768
115	506	1.30534
115	579	2.91327
115	608	2.95935
115	618	3.4136
115	879	2.89308
115	985	2.8254
116	291	2.26834
116	305	2.43025
116	322	1.82179
116	418	2.7459
116	738	2.43534
116	833	3.02786
116	977	3.80206
117	123	2.55631
117	136	2.34326
117	404	2.45444
117	470	1.61971
117	616	3.26049
117	823	3.65357
117	839	2.61705
118	334	1.95792
118	478	2.82519
118	654	2.69831
118	656	1.81661
118	668	2.76281
118	675	2.7628
118	709	3.73463
119	31	3.58308
119	134	2.43949
119	192	2.00747
119	346	3.22737
119	559	2.03165
119	705	3.10465
119	710	2.12585
120	150	1.59697
120	174	2.024
120	316	2.67453
120	539	3.07922
120	557	3.39906
120	643	2.46494
120	728	3.18673
121	46	3.02732
121	347	3.33254
121	428	2.92038
121	475	2.41731
121	504	1.49363
121	552	2.35355
121	852	2.99584
122	53	1.27907
122	401	1.83577
122	565	2.47037
122	599	2.60445
122	787	3.25205
122	944	3.52063
122	973	3.53782
123	117	2.55631
123	254	2.85887
123	315	3.83313
123	483	2.71503
123	484	1.42643
123	700	2.44093
123	898	2.67971
124	8	0.969545
124	346	1.54476
124	711	2.88986
124	860	3.61355
124	889	3.17898
124	937	2.78943
124	938	3.56592
125	27	2.523
125	83	2.32171
125	392	2.6849
125	430	2.61321
125	559	2.0065
125	576	2.40843
125	689	3.96204
126	296	0.871604
126	705	1.62264
126	711	2.27429
126	795	4.26869
126	853	1.52808
126	860	2.99798
126	924	4.99403
127	142	2.60025
127	178	2.88094
127	401	2.21167
127	417	2.82546
127	490	1.6321
127	688	2.20341
127	979	4.12892
128	241	2.83889
128	281	2.35331
128	619	1.8041
128	671	2.1865
128	794	2.40392
128	902	3.1871
128	941	3.71848
129	502	2.4573
129	559	2.52005
129	587	2.03859
129	705	3.59304
129	730	2.04227
129	794	2.67281
129	934	3.15236
130	13	0.820229
130	246	3.51651
130	372	2.67693
130	523	4.41758
130	574	2.03633
130	611	2.16242
130	753	2.8859
131	269	1.51954
131	411	2.94644
131	421	2.64467
131	424	2.63849
131	546	3.64363
131	633	2.67828
131	637	2.43926
132	238	1.47749
132	277	1.90293
132	297	4.01374
132	416	1.88637
132	602	1.99405
132	745	1.93044
132	833	5.24604
133	61	2.76307
133	226	1.58224
133	572	2.88999
133	640	2.02747
133	734	2.03572
133	871	3.07465
133	903	4.15002
134	23	2.69901
134	119	2.43949
134	283	1.82346
134	371	2.58576
134	445	2.30572
134	477	2.55757
134	786	4.11626
135	77	1.15799
135	170	0.676718
135	183	2.13169
135	438	4.35134
135	457	2.3579
135	672	2.93518
135	730	4.8899
136	15	1.6511
136	65	2.91176
136	104	2.63503
136	117	2.34326
136	357	2.41757
136	574	3.71293
136	823	2.84958
137	81	1.58431
137	285	2.30276
137	364	2.08908
137	721	3.2484
137	754	2.39985
137	966	3.613
137	992	3.31085
138	271	1.4415
138	279	2.80853
138	330	2.05661
138	538	2.83425
138	575	3.60073
138	724	2.95888
138	764	2.83234
139	73	2.13347
139	147	1.40171
139	324	2.09172
139	370	2.69875
139	541	3.02718
139	800	3.55332
139	944	3.61689
140	104	1.71679
140	247	2.39353
140	289	2.58043
140	467	3.05877
140	651	2.03729
140	668	3.67318
140	775	2.99077
141	172	2.39925
141	321	2.34837
141	447	3.57937
141	490	2.83122
141	576	2.29977
141	848	3.27944
141	861	1.8059
142	127	2.60025
142	359	3.13579
142	530	1.35947
142	541	1.86574
142	561	3.52385
142	777	2.31293
142	877	3.70323
143	232	1.24548
143	283	2.51337
143	329	2.65976
143	599	2.64159
143	686	2.81557
143	902	3.04006
143	941	3.57145
144	145	1.83589
144	438	2.09485
144	494	2.10211
144	598	3.06882
144	689	1.96782
144	905	4.08932
144	956	3.34641
145	52	2.30243
145	144	1.83589
145	376	2.60301
145	580	2.12962
145	838	2.98275
145	901	3.19168
145	956	3.46601
146	105	1.90834
146	319	1.65945
146	582	2.58652
146	597	2.45891
146	644	2.61055
146	758	3.1886
146	989	4.1562
147	73	0.911566
147	139	1.40171
147	541	1.80527
147	681	2.52662
147	867	4.86138
147	920	4.3983
147	946	2.6123
148	105	2.02027
148	486	2.12835
148	599	2.95103
148	678	1.99975
148	842	4.28504
148	961	2.51074
148	999	2.62139
149	169	2.44898
149	434	2.15899
149	827	2.999
149	840	2.81523
149	953	3.44988
149	961	2.7245
149	981	1.95822
150	120	1.59697
150	272	2.09803
150	297	2.20625
150	305	2.84095
150	454	2.89169
150	964	2.73021
150	977	4.21276
151	383	1.59971
151	398	0.802214
151	494	3.71807
151	523	3.8937
151	660	2.84427
151	670	2.84427
151	885	2.76913
152	102	2.85316
152	415	1.22164
152	546	2.81449
152	629	3.14754
152	662	2.30157
152	871	3.29943
152	938	2.88484
153	39	2.21777
153	289	2.50205
153	388	2.33711
153	453	2.27189
153	654	2.4726
153	740	3.85239
153	877	2.90858
154	234	2.42897
154	340	1.88345
154	745	2.25185
154	746	2.55278
154	816	3.13832
154	832	2.64869
154	991	3.56886
155	48	1.84588
155	51	2.03794
155	467	2.45107
155	628	1.94237
155	940	2.84634
155	963	2.62538
155	978	4.77595
156	344	1.33801
156	449	3.2195
156	519	3.07321
156	568	3.10244
156	732	2.93746
156	827	2.33697
156	899	2.58199
157	96	2.34747
157	499	2.41782
157	630	1.76981
157	639	2.71878
157	837	2.93373
157	907	2.93372
157	917	3.39294
158	77	1.62883
158	183	2.60253
158	280	2.9394
158	408	1.62205
158	640	2.90814
158	644	3.40935
158	672	3.40602
159	358	2.03481
159	461	1.78499
159	512	3.73021
159	518	1.60219
159	535	2.29624
159	888	3.96512
159	919	3.14559
160	213	1.96192
160	328	1.76649
160	354	1.73133
160	615	2.52128
160	717	4.0546
160	743	3.24367
160	958	3.31288
161	268	1.75138
161	337	2.28205
161	416	2.68857
161	453	1.49719
161	633	3.09719
161	876	3.71929
161	929	3.45691
162	254	2.56589
162	403	2.47737
162	423	2.42403
162	498	3.48146
162	595	1.83719
162	951	2.52152
162	975	3.16773
163	1	1.64586
163	108	2.62994
163	261	2.02891
163	291	3.1892
163	564	2.55035
163	684	3.45297
163	778	3.0349
164	82	3.56873
164	463	3.245
164	527	2.40845
164	546	1.73369
164	613	2.22421
164	940	2.76148
164	963	2.54052
165	318	2.59423
165	355	2.2032
165	370	2.55644
165	507	1.66063
165	746	3.04014
165	816	3.62568
165	830	2.86448
166	17	1.50433
166	168	1.64977
166	301	1.79572
166	381	1.87609
166	895	4.3086
166	957	4.06507
166	988	3.31911
167	28	2.71633
167	114	2.0707
167	209	2.43976
167	436	1.79606
167	599	4.08723
167	680	2.16163
167	756	3.23618
168	166	1.64977
168	259	1.84828
168	287	2.46048
168	299	2.54571
168	650	3.31004
168	819	3.40261
168	990	3.28628
169	149	2.44898
169	330	2.02187
169	425	2.85551
169	463	2.07673
169	646	3.22783
169	691	3.56492
169	694	2.30609
170	135	0.676718
170	408	1.86419
170	457	3.07088
170	672	3.64816
170	700	2.7081
170	958	3.78938
170	994	2.80546
171	90	2.22754
171	288	2.69293
171	404	2.46504
171	405	2.57312
171	421	1.2203
171	799	3.09161
171	931	4.22131
172	141	2.39925
172	290	2.29823
172	578	2.48345
172	623	2.16035
172	774	2.32734
172	836	3.24366
172	975	3.61848
173	21	1.90984
173	87	3.20278
173	444	1.72594
173	887	2.00809
173	935	4.15358
173	957	3.13612
173	988	2.39015
174	120	2.024
174	302	2.51377
174	837	2.93373
174	907	2.93372
174	917	3.39294
174	981	2.46517
174	992	2.28909
175	258	2.00799
175	410	2.22682
175	602	1.89773
175	693	2.74784
175	773	3.2565
175	799	3.25644
175	911	3.08886
176	241	1.59745
176	267	1.81835
176	438	1.52892
176	667	2.61947
176	888	3.30792
176	998	3.49018
176	1000	4.1732
177	41	1.94585
177	233	3.24778
177	237	2.20153
177	288	1.76726
177	549	2.87741
177	569	2.4467
177	910	4.06637
178	26	2.07009
178	127	2.88094
178	181	3.13937
178	287	1.19356
178	737	2.76143
178	859	3.26233
178	980	3.23559
179	195	1.23073
179	424	2.8928
179	574	2.97625
179	591	2.21957
179	633	2.93259
179	831	3.41621
179	851	2.88051
180	295	3.29892
180	309	3.06295
180	502	1.73585
180	536	2.89847
180	722	2.33581
180	842	2.55447
180	889	2.6446
181	56	1.30781
181	81	2.56014
181	178	3.13937
181	277	3.06294
181	591	3.03148
181	635	2.27427
181	876	3.12476
182	443	3.6175
182	648	3.14693
182	663	2.28883
182	737	1.25518
182	739	2.49498
182	833	3.13359
182	956	2.59191
183	135	2.13169
183	158	2.60253
183	358	2.53987
183	427	1.73383
183	457	4.52585
183	791	2.13812
183	990	2.8371
184	32	2.05519
184	669	2.36037
184	714	2.15685
184	831	3.41269
184	925	3.81538
184	937	2.69362
184	982	2.05138
185	198	2.40998
185	245	3.37797
185	414	1.18862
185	532	2.56425
185	795	3.47516
185	839	2.33374
185	847	3.18388
186	65	0.988932
186	408	3.35561
186	613	2.77382
186	628	2.40713
186	674	2.43771
186	946	3.48174
186	963	3.09014
187	287	2.83539
187	618	3.30578
187	698	1.72856
187	760	3.14464
187	800	2.0663
187	913	2.50826
187	972	2.95768
188	223	0.959276
188	320	2.80068
188	359	1.8289
188	463	3.11514
188	636	2.24702
188	694	3.3445
188	988	4.19619
189	12	1.89305
189	82	1.14851
189	638	2.32083
189	766	2.8801
189	774	2.89546
189	810	2.89545
189	971	4.48349
190	295	2.2655
190	592	1.20045
190	818	3.47814
190	958	2.33854
190	962	2.96569
190	970	3.5428
190	987	2.75726
191	407	2.06158
191	474	2.54754
191	622	2.44532
191	676	1.95012
191	700	3.86396
191	706	2.86987
191	916	2.80241
192	17	3.03501
192	119	2.00747
192	349	1.10867
192	531	1.38663
192	925	3.17448
192	934	4.21872
192	977	3.64009
193	471	2.08185
193	523	1.93388
193	554	2.22903
193	635	1.91273
193	676	3.03328
193	870	3.67226
193	922	3.65529
194	437	2.05237
194	511	1.33831
194	606	1.78083
194	750	4.44163
194	796	1.81042
194	893	2.28601
194	965	4.84259
195	9	2.0231
195	179	1.23073
195	269	2.21171
195	591	2.65743
195	622	3.71203
195	767	3.52096
195	830	3.15515
196	38	1.76322
196	210	3.40063
196	437	3.00231
196	648	2.78032
196	658	2.58833
196	689	2.82127
196	739	2.12837
197	67	3.38703
197	226	1.62052
197	572	2.04467
197	583	2.76553
197	655	2.96299
197	883	3.11722
197	912	2.63235
198	30	2.80922
198	185	2.40998
198	245	1.68337
198	337	2.70084
198	571	3.71503
198	718	2.66018
198	924	2.5059
199	306	1.56225
199	413	2.7005
199	493	2.6118
199	741	2.21387
199	744	3.22633
199	846	3.34462
199	957	2.89715
200	102	2.62087
200	203	4.39501
200	274	0.867395
200	415	0.98935
200	805	2.5153
200	889	2.26562
200	899	4.90951
201	4	1.51519
201	448	1.83063
201	778	2.5999
201	811	3.26211
201	870	2.96634
201	922	2.94938
201	947	3.40293
202	83	2.37391
202	479	2.25353
202	765	1.98283
202	823	2.89107
202	866	2.18236
202	890	3.28835
202	901	3.59824
203	72	2.6261
203	200	4.39501
203	239	1.65357
203	397	2.22613
203	641	2.59885
203	776	2.63251
203	872	2.37711
204	49	2.15919
204	273	1.68593
204	432	3.04463
204	545	2.11249
204	573	2.56846
204	744	4.03145
204	984	2.89733
205	210	1.87586
205	713	2.21833
205	772	2.62446
205	839	3.41455
205	859	2.06532
205	917	3.0813
205	998	3.2209
206	17	2.32799
206	113	1.50458
206	254	1.91817
206	600	2.87325
206	821	2.99887
206	838	3.90241
206	927	2.9632
207	10	2.27374
207	14	2.57986
207	353	2.46672
207	387	2.24174
207	396	2.27111
207	832	3.08679
207	858	3.59408
208	108	1.77369
208	338	2.22938
208	339	2.3849
208	522	2.23532
208	869	2.87869
208	899	3.00551
208	966	4.02701
209	37	2.44798
209	167	2.43976
209	677	1.70583
209	698	2.41736
209	913	3.19707
209	946	2.67144
209	972	3.64648
210	196	3.40063
210	205	1.87586
210	487	1.6327
210	608	2.06258
210	724	3.99304
210	921	3.12291
210	923	2.44102
211	57	2.38498
211	296	1.95125
211	625	2.34351
211	760	2.70886
211	788	2.58043
211	950	3.40772
211	986	3.18404
212	354	2.84463
212	452	2.46842
212	504	2.3374
212	516	2.73265
212	638	1.67162
212	779	3.67066
212	918	2.75574
213	160	1.96192
213	436	3.87642
213	664	2.70313
213	665	2.00092
213	717	2.70311
213	743	1.89218
213	955	3.41169
214	18	2.21703
214	329	3.33331
214	450	1.57553
214	491	2.37182
214	526	2.5888
214	700	2.71087
214	701	3.73053
215	469	2.40378
215	472	3.70173
215	649	3.15711
215	811	2.26072
215	817	2.05983
215	873	2.26006
215	932	2.68102
216	279	2.39671
216	370	2.51323
216	420	3.67696
216	562	1.70325
216	575	3.18892
216	671	2.41752
216	947	2.64798
217	243	2.46392
217	355	1.78094
217	533	2.59306
217	667	2.17734
217	728	2.68204
217	911	2.6314
217	967	4.19666
218	459	1.66996
218	489	1.60188
218	600	2.94566
218	731	2.27239
218	734	3.50789
218	910	3.4942
218	927	3.03561
219	233	1.83768
219	306	1.40153
219	473	2.79301
219	581	2.5789
219	808	3.36474
219	822	3.88944
219	910	2.65628
220	503	3.36996
220	524	2.00844
220	687	2.94482
220	720	2.94489
220	726	2.5538
220	735	2.34816
220	766	2.32511
221	80	0.792919
221	99	4.50255
221	269	1.59846
221	372	2.20536
221	390	1.82658
221	651	4.73658
221	995	2.83435
222	403	2.46284
222	657	1.865
222	685	2.73093
222	886	2.6417
222	929	4.03814
222	930	2.37687
222	944	2.37686
223	188	0.959276
223	436	2.99909
223	455	2.65345
223	681	3.89087
223	748	2.71422
223	846	2.46775
223	933	2.86817
224	312	2.01229
224	321	2.99263
224	402	2.58008
224	491	1.70662
224	584	2.66593
224	767	3.68108
224	782	2.86008
225	31	2.43764
225	226	1.44956
225	339	2.45687
225	819	2.82209
225	906	2.91992
225	911	3.39392
225	914	3.04319
226	133	1.58224
226	197	1.62052
226	225	1.44956
226	676	3.44862
226	819	2.78183
226	912	3.9905
226	949	3.64903
227	324	2.56983
227	334	2.06199
227	358	2.11178
227	431	2.51764
227	446	2.34163
227	593	3.92715
227	900	2.99411
228	22	1.78229
228	262	1.73776
228	555	2.46344
228	748	3.53303
228	833	2.14248
228	907	3.93763
228	977	2.91668
229	506	1.53183
229	512	3.47894
229	716	2.4109
229	720	2.97012
229	810	2.86316
229	856	2.26011
229	985	3.05189
230	328	3.47424
230	410	0.967961
230	566	2.15142
230	663	2.82391
230	783	2.57518
230	969	3.66581
230	986	2.89417
231	414	4.32424
231	435	1.11792
231	529	2.33272
231	668	1.61257
231	675	1.61256
231	709	2.58439
231	920	4.95319
232	143	1.24548
232	322	2.26691
232	349	4.72732
232	352	2.26728
232	810	2.25215
232	933	3.10342
232	937	2.69642
233	75	1.4206
233	177	3.24778
233	219	1.83768
233	431	1.22289
233	847	3.31345
233	910	4.17458
233	976	3.31187
234	154	2.42897
234	319	2.89408
234	384	1.32087
234	497	1.83577
234	697	2.42233
234	943	3.95929
234	960	3.66921
235	68	2.30456
235	404	2.20112
235	691	3.24309
235	814	2.78761
235	895	3.5213
235	897	3.22952
235	903	1.23145
236	260	2.13867
236	483	2.58852
236	487	3.94849
236	510	1.11983
236	742	3.20162
236	834	3.00412
236	898	2.5532
237	177	2.20153
237	309	1.76944
237	389	1.90892
237	401	2.85196
237	583	2.29805
237	796	4.18327
237	844	3.28426
238	132	1.47749
238	525	3.39655
238	614	2.91485
238	651	2.89483
238	666	2.72416
238	719	2.73187
238	835	2.94205
238	953	3.56269
239	203	1.65357
239	352	3.00381
239	452	3.58424
239	534	1.94145
239	543	2.79534
239	791	3.26717
239	862	3.00699
239	872	3.38646
240	57	1.84905
240	293	2.39867
240	563	1.95216
240	708	4.16403
240	736	2.68137
240	794	3.26173
240	855	2.96141
240	994	3.37508
241	128	2.83889
241	176	1.59745
241	531	3.39746
241	742	2.28068
241	839	2.47257
241	882	2.00093
241	890	5.0941
241	1000	2.96195
242	86	2.50113
242	416	3.30687
242	420	2.99966
242	458	3.19858
242	505	1.98207
242	556	2.97496
242	571	2.05451
242	634	3.60467
243	217	2.46392
243	526	2.12314
243	590	2.80257
243	637	2.62473
243	701	3.29677
243	847	2.48998
243	953	3.77412
243	967	3.06584
244	12	2.57745
244	112	2.47854
244	450	3.5277
244	577	2.59715
244	752	2.25148
244	878	2.89901
244	908	3.24007
244	943	3.0923
245	185	3.37797
245	198	1.68337
245	551	2.77814
245	574	2.68673
245	600	2.70718
245	610	2.25359
245	924	3.47389
245	955	3.67567
246	11	3.41502
246	130	3.51651
246	333	4.38283
246	615	2.5489
246	738	1.58945
246	742	1.40532
246	970	2.60772
246	985	3.23631
247	57	2.28607
247	140	2.39353
247	429	3.02039
247	544	3.16916
247	571	2.83371
247	618	2.78789
247	644	3.4273
247	741	2.72532
248	421	1.73151
248	591	2.96861
248	620	2.84176
248	819	2.55609
248	911	3.12792
248	914	2.77719
248	943	2.85178
248	980	3.74336
249	519	3.53975
249	572	2.50116
249	586	2.39369
249	618	2.9243
249	634	2.52506
249	684	2.16243
249	765	2.89543
249	802	3.72961
250	63	1.61506
250	75	2.49088
250	477	2.94634
250	736	2.3162
250	794	2.89655
250	877	2.70322
250	976	3.3916
250	989	4.25664
251	31	3.28577
251	102	2.17049
251	280	2.40322
251	326	2.32086
251	371	2.71243
251	789	3.09591
251	926	3.49249
251	975	3.11788
252	7	1.98051
252	55	2.19527
252	76	3.02137
252	549	3.49302
252	560	3.09166
252	827	2.91381
252	844	2.74776
252	982	3.21952
253	258	2.61879
253	402	3.07175
253	450	2.17062
253	484	2.29146
253	540	2.68406
253	622	2.91253
253	700	3.30596
253	898	3.54474
254	113	2.37394
254	123	2.85887
254	162	2.56589
254	206	1.91817
254	439	2.72219
254	902	3.18826
254	925	3.18684
254	927	3.83256
255	46	0.802214
255	369	1.96288
255	540	2.47716
255	660	3.52857
255	670	3.52857
255	840	3.58845
255	885	3.45343
255	944	3.30253
256	446	3.18157
256	534	2.54504
256	572	2.70996
256	620	3.0611
256	657	2.5006
256	831	2.34983
256	912	3.29764
256	949	2.95617
257	6	1.63178
257	419	3.86891
257	478	2.1799
257	644	3.0806
257	660	2.73218
257	840	2.63679
257	881	3.2192
257	953	3.27144
258	175	2.00799
258	253	2.61879
258	440	3.25119
258	543	3.18736
258	639	2.82689
258	642	2.26443
258	842	2.97291
258	883	3.50112
259	5	2.69055
259	92	1.9363
259	168	1.84828
259	423	2.32603
259	459	3.33045
259	821	3.29292
259	928	3.82458
259	968	3.39399
260	50	3.39335
260	236	2.13867
260	292	1.93316
260	302	3.5165
260	305	1.61107
260	480	2.52673
260	659	3.11297
260	823	4.40255
261	163	2.02891
261	375	3.00984
261	392	1.70369
261	564	2.93342
261	623	2.93341
261	778	3.41798
261	912	3.47499
261	938	3.12223
262	42	2.93626
262	228	1.73776
262	514	2.68415
262	555	3.14795
262	699	2.87319
262	833	2.82699
262	870	2.79253
262	977	3.60119
263	14	1.55655
263	548	2.39485
263	603	3.12374
263	705	3.44902
263	710	2.47022
263	749	2.69919
263	934	3.00834
263	991	3.93764
264	474	2.12488
264	509	2.46385
264	558	2.53641
264	720	3.29718
264	721	3.08777
264	754	2.23923
264	909	3.44367
264	966	3.45237
265	38	2.9931
265	369	2.41764
265	593	2.23286
265	630	2.49288
265	655	1.91893
265	819	3.8942
265	961	3.27632
265	999	3.38698
266	520	2.24615
266	547	2.46371
266	721	2.32581
266	732	2.65725
266	770	3.02647
266	813	3.18197
266	818	3.35821
266	935	3.38467
267	87	1.83778
267	176	1.81835
267	310	2.15188
267	537	2.11163
267	678	3.75702
267	881	3.62349
267	909	3.34269
267	970	3.98093
268	161	1.75138
268	439	1.77476
268	635	3.47016
268	646	1.95759
268	674	3.05449
268	774	3.15792
268	876	4.32065
268	893	3.12196
269	131	1.51954
269	195	2.21171
269	221	1.59846
269	420	2.00903
269	633	3.91358
269	704	3.67599
269	847	3.96416
269	963	3.74298
270	374	1.71853
270	416	2.93154
270	451	3.39666
270	457	2.20109
270	821	2.74218
270	936	3.09016
270	981	3.29319
270	993	3.21756
271	9	2.74603
271	138	1.4415
271	455	2.55185
271	508	3.76008
271	528	2.55006
271	748	2.61262
271	918	3.54144
271	997	3.40362
272	94	2.08309
272	150	2.09803
272	463	3.2098
272	488	2.65457
272	525	2.39585
272	648	3.30133
272	848	2.7981
272	975	4.03682
273	204	1.68593
273	365	2.42253
273	444	2.06612
273	876	2.82209
273	881	3.29382
273	919	3.13429
273	948	3.5715
273	984	3.63565
274	102	3.78452
274	200	0.867395
274	298	2.39829
274	595	2.94371
274	662	3.23294
274	777	3.12264
274	889	3.42927
274	905	2.80661
275	437	2.90107
275	552	2.15231
275	606	2.62954
275	796	2.65913
275	849	2.46015
275	885	3.30066
275	893	3.13472
275	940	3.3937
276	287	2.40485
276	500	2.31184
276	537	2.49132
276	594	2.20372
276	882	2.52793
276	982	4.40293
276	998	2.80593
276	1000	3.48895
277	132	1.90293
277	181	3.06294
277	285	1.88166
277	522	2.78908
277	624	2.787
277	759	3.65149
277	765	3.57847
277	891	2.9974
278	63	1.70321
278	73	3.03259
278	349	3.54989
278	480	3.57194
278	515	2.26348
278	826	2.4878
278	850	3.00441
278	861	3.01784
279	138	2.80853
279	216	2.39671
279	313	2.9282
279	330	2.72263
279	556	3.19883
279	589	2.28389
279	723	2.98007
279	750	3.3303
280	54	1.17472
280	158	2.9394
280	251	2.40322
280	500	2.60336
280	534	2.7679
280	701	2.41389
280	926	3.5399
280	982	4.79131
281	128	2.35331
281	329	2.37491
281	363	2.03966
281	381	2.52937
281	600	3.30955
281	769	3.52303
281	791	3.2024
281	941	3.2866
282	89	1.96631
282	352	2.50105
282	532	2.19225
282	549	3.42727
282	705	2.67207
282	859	3.56876
282	925	3.58624
282	969	2.75655
283	134	1.82346
283	143	2.51337
283	781	2.4041
283	836	3.37998
283	863	2.25256
283	948	3.6069
283	954	2.57896
283	980	4.07773
284	41	3.63097
284	66	2.20376
284	365	2.41036
284	573	3.29461
284	626	2.92701
284	779	2.68011
284	870	2.10819
284	952	3.34107
285	137	2.30276
285	277	1.88166
285	557	2.76637
285	759	3.53651
285	796	3.0957
285	803	2.53774
285	839	3.12712
285	939	3.35839
286	325	2.63858
286	448	2.83381
286	506	2.15015
286	643	2.8555
286	662	3.29639
286	672	2.09484
286	965	3.15061
286	985	3.67021
287	168	2.46048
287	178	1.19356
287	187	2.83539
287	276	2.40485
287	696	2.90356
287	779	3.6182
287	954	2.8595
287	980	4.35827
288	171	2.69293
288	177	1.76726
288	409	2.57447
288	612	2.52015
288	690	3.71019
288	869	2.46825
288	892	3.15566
288	970	3.75194
289	140	2.58043
289	153	2.50205
289	486	2.01987
289	597	2.94262
289	855	2.6212
289	877	2.72819
289	920	3.46223
289	970	3.77989
290	1	2.02893
290	172	2.29823
290	507	3.06257
290	517	2.32935
290	564	2.93341
290	623	2.9334
290	778	3.41797
290	790	3.60889
291	116	2.26834
291	163	3.1892
291	347	2.15877
291	642	2.6693
291	714	2.95712
291	730	3.16293
291	929	3.34872
291	982	2.85164
292	23	1.61775
292	260	1.93316
292	309	2.0228
292	353	2.13103
292	734	3.26283
292	755	3.95684
292	871	4.30176
292	931	3.37564
293	240	2.39867
293	377	2.13061
293	653	2.36738
293	722	3.87996
293	740	3.40879
293	797	2.9012
293	855	2.358
293	976	3.15337
294	373	2.12673
294	509	2.1382
294	609	2.46713
294	766	3.00188
294	834	2.86148
294	836	2.72451
294	892	3.71661
294	917	3.59403
295	180	3.29892
295	190	2.2655
295	375	2.04793
295	466	2.4259
295	536	2.63703
295	583	3.33012
295	834	3.45755
295	983	3.16251
296	126	0.871604
296	211	1.95125
296	380	2.85384
296	485	2.4158
296	625	3.35492
296	788	3.59183
296	923	4.34904
296	987	3.26991
297	132	4.01374
297	150	2.20625
297	452	3.0805
297	555	2.32036
297	747	1.81344
297	842	3.62193
297	960	2.81258
297	977	2.7736
298	274	2.39829
298	389	2.01813
298	441	3.1354
298	617	2.38093
298	673	2.19616
298	843	2.88389
298	969	3.60285
298	977	4.01997
299	168	2.54571
299	498	2.22779
299	650	3.07648
299	652	2.47426
299	693	2.7857
299	708	3.60568
299	852	2.52004
299	943	3.46474
300	78	3.45151
300	320	2.47782
300	326	2.84922
300	420	2.52709
300	713	1.45452
300	812	2.59068
300	849	4.20527
300	965	3.06348
301	166	1.79572
301	383	2.45685
301	605	2.82352
301	730	2.58996
301	811	2.78208
301	853	3.48537
301	932	3.42032
301	966	3.29647
302	15	2.07536
302	174	2.51377
302	260	3.5165
302	357	2.84182
302	364	2.92709
302	425	2.86662
302	616	2.88076
302	625	2.98415
303	56	2.3537
303	60	3.07431
303	484	2.15159
303	740	3.20896
303	855	2.15816
303	920	2.9992
303	976	2.95353
303	986	3.72188
304	19	1.53084
304	372	2.36986
304	448	3.64759
304	500	2.63678
304	577	3.05314
304	738	3.10868
304	789	3.17674
304	817	3.13035
305	116	2.43025
305	150	2.84095
305	260	1.61107
305	658	2.27042
305	833	2.6341
305	933	4.12811
305	960	3.31139
305	977	3.4083
306	39	1.72691
306	199	1.56225
306	219	1.40153
306	743	3.38325
306	808	4.44689
306	865	3.17254
306	910	3.73842
306	959	3.18806
307	24	3.11857
307	380	2.59368
307	503	3.18995
307	648	1.51596
307	687	2.76481
307	720	2.76488
307	877	3.64136
307	957	3.03247
308	324	2.84336
308	334	2.33552
308	607	2.64041
308	666	2.80346
308	785	2.55176
308	811	2.7798
308	912	3.20873
308	919	3.4961
309	180	3.06295
309	237	1.76944
309	292	2.0228
309	536	2.40106
309	844	4.08036
309	857	3.43294
309	881	2.68623
309	934	3.19192
310	27	1.72877
310	33	2.53402
310	69	1.88354
310	88	2.41412
310	267	2.15188
310	909	3.39804
310	941	4.47431
310	970	4.03628
311	75	2.60836
311	517	2.44093
311	661	3.62898
311	692	2.48472
311	729	2.13398
311	760	3.04484
311	812	3.21889
311	813	3.05134
312	35	2.52434
312	224	2.01229
312	579	2.72953
312	620	2.85917
312	666	2.62963
312	716	2.64249
312	790	3.09398
312	933	4.13679
313	66	2.15282
313	279	2.9282
313	538	2.95392
313	571	3.26328
313	628	3.03058
313	671	2.79462
313	772	2.55557
313	805	2.95335
314	348	2.74376
314	626	2.20729
314	719	2.96929
314	793	3.06754
314	809	3.04195
314	887	2.35329
314	957	3.48132
314	988	2.73536
315	53	1.97443
315	123	3.83313
315	499	3.22114
315	517	2.27996
315	657	2.3784
315	886	3.15509
315	930	2.89026
315	944	2.89025
316	120	2.67453
316	388	2.76729
316	497	2.84688
316	515	2.03724
316	557	3.04195
316	610	2.64549
316	728	2.82962
316	935	3.80011
317	321	3.14215
317	665	2.28527
317	706	2.68203
317	780	2.70055
317	807	2.70053
317	848	3.41294
317	849	2.48762
317	896	3.23081
318	165	2.59423
318	597	1.78925
318	669	2.84321
318	708	2.1405
318	978	2.95096
318	982	3.74446
318	991	3.03706
318	992	3.54196
319	97	1.78282
319	146	1.65945
319	234	2.89408
319	467	3.14144
319	582	3.5952
319	741	2.91725
319	754	3.50836
319	832	3.1138
320	188	2.80068
320	300	2.47782
320	371	1.96173
320	425	3.28031
320	463	2.50153
320	694	2.73089
320	714	3.19992
320	807	3.68001
321	141	2.34837
321	224	2.99263
321	317	3.14215
321	365	3.18631
321	447	2.6169
321	690	2.36601
321	771	3.03823
321	818	2.91835
322	116	1.82179
322	232	2.26691
322	352	1.90728
322	808	2.06737
322	826	3.30524
322	861	3.83527
322	950	3.83367
322	953	3.62185
323	37	3.22046
323	509	2.04691
323	835	2.73478
323	854	2.55195
323	921	3.22383
323	923	2.54193
323	978	2.99539
323	991	3.29985
324	139	2.09172
324	227	2.56983
324	308	2.84336
324	395	2.89323
324	461	3.00684
324	588	1.45968
324	800	3.40175
324	958	4.37162
325	286	2.63858
325	506	2.25946
325	512	3.20952
325	542	2.10752
325	643	2.9648
325	663	2.6139
325	955	3.45187
325	999	3.42321
326	33	1.6836
326	251	2.32086
326	300	2.84922
326	408	4.00396
326	462	2.77544
326	500	2.521
326	817	3.01458
326	926	3.45754
327	621	2.4438
327	634	2.89096
327	650	2.45029
327	798	2.60034
327	835	2.86115
327	941	3.06408
327	950	3.23226
327	979	3.03726
328	89	1.45118
328	160	1.76649
328	230	3.47424
328	400	2.25152
328	713	3.79082
328	859	3.05363
328	925	3.07112
328	996	3.73775
329	82	2.34752
329	143	2.65976
329	214	3.33331
329	281	2.37491
329	489	2.41926
329	681	1.8255
329	872	3.79215
329	927	3.853
330	138	2.05661
330	169	2.02187
330	279	2.72263
330	425	3.53991
330	463	2.76113
330	656	2.86799
330	694	2.99049
330	929	3.65259
331	354	2.77276
331	471	1.68457
331	482	2.84367
331	745	3.33126
331	774	2.752
331	775	2.83547
331	817	2.93407
331	838	3.46388
332	106	3.33554
332	335	2.9523
332	476	2.30657
332	581	2.71755
332	731	1.95276
332	761	2.85726
332	823	3.91886
332	843	2.60528
333	11	1.09978
333	246	4.38283
333	471	2.9207
333	472	2.17777
333	525	3.3704
333	574	2.90264
333	599	2.92808
333	683	2.83588
334	118	1.95792
334	227	2.06199
334	308	2.33552
334	440	2.19424
334	607	3.00391
334	782	3.57585
334	835	3.54242
334	841	3.91203
335	93	2.60772
335	332	2.9523
335	476	2.37265
335	548	2.41712
335	610	3.3796
335	667	2.60746
335	822	2.94512
335	889	3.37926
336	42	2.04963
336	107	2.55615
336	388	2.97559
336	456	2.51764
336	557	3.25025
336	709	2.58927
336	728	3.03792
336	854	3.64668
337	56	3.03437
337	161	2.28205
337	198	2.70084
337	341	2.97345
337	450	3.21188
337	513	3.0506
337	750	3.025
337	844	2.39721
338	208	2.22938
338	378	2.65999
338	424	2.0493
338	438	2.68534
338	454	2.26867
338	688	3.88692
338	850	3.2466
338	966	3.5672
339	21	2.87267
339	208	2.3849
339	225	2.45687
339	457	2.19165
339	702	1.97978
339	952	3.17305
339	967	3.28807
339	979	4.26308
340	154	1.88345
340	570	2.64829
340	652	2.64829
340	674	3.01827
340	679	2.53014
340	801	2.99891
340	881	3.25552
340	991	3.65809
341	337	2.97345
341	453	2.18859
341	601	2.25546
341	635	3.5602
341	664	2.01555
341	750	2.58438
341	792	3.28921
341	978	3.74885
342	32	1.76485
342	544	3.58801
342	615	1.99829
342	756	2.99941
342	764	2.47931
342	904	2.30601
342	933	2.76527
342	961	4.71778
343	536	2.46493
343	567	2.38057
343	600	2.135
343	757	2.9778
343	769	2.97778
343	828	2.97777
343	895	3.84754
343	926	2.88205
344	156	1.33801
344	430	3.39138
344	539	2.52147
344	731	2.75079
344	821	2.73214
344	857	2.45408
344	961	4.04372
344	995	3.37679
345	513	2.1605
345	596	2.98481
345	639	3.01186
345	693	2.6556
345	792	2.80255
345	842	3.15788
345	889	3.27222
345	890	2.61816
346	119	3.22737
346	124	1.54476
346	423	2.31012
346	571	2.59973
346	662	2.99694
346	787	3.16535
346	889	3.19327
346	938	3.58021
347	53	1.94826
347	121	3.33254
347	291	2.15877
347	447	2.2787
347	560	2.58625
347	894	3.74522
347	929	3.21119
347	937	3.35636
348	84	1.0864
348	314	2.74376
348	506	3.6487
348	593	2.74659
348	634	1.85619
348	873	1.97722
348	887	4.09387
348	988	4.47594
349	60	2.30003
349	90	3.03649
349	192	1.10867
349	232	4.72732
349	278	3.54989
349	430	2.62667
349	590	1.98791
349	989	3.27072
350	415	1.96056
350	565	2.08102
350	656	2.24181
350	860	3.85759
350	891	2.73442
350	928	3.12669
350	939	3.2104
350	999	3.41866
351	431	2.47514
351	502	2.21744
351	587	3.21819
351	687	3.14029
351	752	3.72287
351	753	2.45648
351	806	2.27332
351	990	3.12837
352	29	1.62135
