1	3	1.82432
1	50	2.28571
1	64	2.28076
1	433	3.16476
1	434	1.9674
1	787	3.81405
1	956	3.16741
2	20	1.74454
2	186	2.58423
2	337	2.33078
2	500	2.11612
2	593	3.37913
2	766	3.29596
2	769	3.03463
3	1	1.82432
3	144	2.23139
3	167	2.2983
3	401	3.58161
3	551	2.28764
3	591	3.44674
3	960	2.85016
4	16	1.84263
4	118	1.9355
4	483	1.89817
4	606	2.37951
4	812	3.60089
4	898	3.72083
4	933	3.13914
5	296	2.70707
5	559	2.91415
5	586	1.58665
5	594	3.63299
5	648	2.24238
5	653	2.84989
5	813	2.58128
6	287	2.63632
6	531	1.47998
6	590	2.54772
6	711	3.40966
6	766	2.90886
6	789	3.21692
6	899	2.3295
7	110	2.18431
7	294	1.77003
7	335	2.78959
7	534	2.01831
7	821	2.18099
7	834	3.28933
7	919	4.27871
8	125	2.47688
8	213	3.23013
8	442	2.14182
8	519	3.50536
8	665	1.89128
8	975	2.2178
8	976	3.01233
9	160	2.07778
9	244	1.90864
9	401	1.68669
9	569	3.21307
9	745	3.96966
9	759	2.32166
9	760	3.34784
10	341	2.85156
10	616	1.54184
10	755	1.81728
10	781	3.20317
10	841	3.20597
10	858	2.80432
10	987	3.09391
11	373	2.52869
11	391	1.64898
11	574	3.01871
11	600	3.28091
11	676	2.38318
11	760	2.95809
11	835	2.69011
12	347	2.43366
12	370	1.94108
12	397	1.89712
12	405	3.55832
12	453	2.52977
12	621	2.40018
12	919	3.80482
13	21	2.40065
13	58	1.59647
13	85	2.4997
13	354	2.76423
13	536	2.69982
13	692	2.46331
13	787	4.10946
14	40	1.9888
14	101	1.25588
14	537	3.41233
14	805	2.18687
14	876	3.28722
14	910	2.52834
14	982	3.86295
15	433	2.42824
15	507	2.40336
15	733	2.28492
15	833	2.30715
15	890	1.73154
15	984	4.54166
15	996	2.82248
16	4	1.84263
16	32	2.86346
16	112	1.85693
16	491	2.68317
16	678	3.0924
16	808	2.94015
16	984	3.22727
17	305	2.95712
17	556	2.07578
17	619	2.00264
17	654	2.61218
17	701	2.4452
17	868	3.69895
17	952	2.73644
18	314	1.67227
18	372	2.81167
18	612	2.16898
18	718	3.50601
18	889	2.96426
18	909	2.63517
18	924	2.8141
19	371	3.25736
19	386	2.64396
19	418	3.36523
19	497	2.33633
19	713	2.88728
19	728	1.82096
19	767	2.21426
20	2	1.74454
20	66	2.44338
20	201	2.56975
20	361	2.1426
20	808	3.41526
20	829	2.52467
20	984	3.70238
21	13	2.40065
21	428	2.47929
21	513	1.59704
21	539	3.23631
21	749	2.93243
21	780	3.54388
21	893	2.32065
22	296	2.46061
22	396	2.39728
22	445	2.85676
22	565	1.86153
22	590	3.92685
22	695	2.69176
22	761	2.30949
23	64	1.631
23	71	2.21337
23	91	2.60235
23	192	3.53354
23	220	2.50451
23	616	2.52231
23	765	3.50793
24	258	3.19583
24	275	1.63049
24	368	3.22843
24	674	2.80674
24	897	2.33983
24	938	2.70226
24	940	2.57747
25	241	1.91534
25	247	2.49619
25	647	2.25053
25	659	2.12685
25	855	3.59113
25	871	3.1792
25	908	2.96728
26	236	2.74889
26	367	2.74889
26	403	1.31765
26	809	3.75693
26	845	2.6254
26	858	2.86505
26	865	2.4347
27	145	2.47145
27	174	1.44292
27	242	3.75878
27	253	2.98484
27	293	1.77887
27	572	2.98695
27	919	3.04253
28	299	3.64086
28	318	2.75819
28	464	1.54709
28	785	2.46975
28	911	2.46186
28	940	2.78043
28	958	2.91384
29	80	1.77682
29	298	1.67168
29	393	2.57219
29	452	2.97189
29	575	3.3783
29	675	3.22718
29	833	2.92804
30	148	1.6525
30	299	3.25769
30	624	2.89801
30	691	3.09503
30	793	3.27084
30	910	2.11491
30	935	2.26332
31	432	1.5202
31	591	2.37014
31	824	2.00984
31	827	3.03443
31	861	3.38063
31	932	2.85592
31	955	3.3644
32	16	2.86346
32	51	1.98925
32	143	1.93912
32	235	2.06988
32	466	1.94702
32	837	4.41502
32	988	3.30551
33	146	2.61309
33	282	2.83179
33	500	2.09433
33	834	2.67371
33	855	3.83258
33	904	2.36122
33	994	2.13158
34	228	0.993181
34	271	2.32598
34	513	3.11584
34	547	3.07134
34	566	2.08048
34	843	3.84134
34	905	3.06311
35	230	2.42834
35	675	1.77107
35	741	1.55299
35	764	3.58194
35	784	3.26177
35	985	2.97204
35	995	2.98025
36	204	1.51144
36	218	1.93556
36	417	3.06164
36	549	3.05226
36	778	2.85235
36	865	3.14616
36	939	2.95881
37	198	2.79819
37	265	2.41973
37	409	2.71366
37	474	1.61333
37	503	2.68779
37	746	2.52443
37	771	3.77936
38	451	2.5647
38	526	2.50078
38	579	2.31838
38	689	1.63251
38	819	3.58909
38	901	2.77236
38	968	3.17209
39	80	1.7154
39	473	2.88118
39	551	3.26384
39	575	2.29041
39	721	3.1219
39	959	2.36823
39	967	2.89771
40	14	1.9888
40	337	1.97846
40	372	1.56191
40	590	3.00652
40	849	2.71095
40	879	3.74154
40	939	3.53886
41	154	1.6988
41	427	2.58625
41	434	3.0241
41	601	2.00652
41	618	3.63377
41	779	3.2436
41	842	2.32095
42	145	2.63585
42	458	2.07524
42	680	2.50894
42	735	2.17703
42	932	2.41765
42	933	3.4738
42	951	3.28504
43	460	2.71875
43	647	2.46796
43	658	3.45748
43	698	1.82935
43	859	2.09617
43	905	2.66541
43	999	3.32817
44	92	2.82981
44	125	3.11143
44	421	1.52773
44	538	3.09622
44	787	1.79485
44	836	3.31974
44	987	2.89184
45	151	4.33076
45	211	2.38785
45	257	1.88519
45	347	2.6065
45	401	2.43347
45	430	1.80729
45	893	3.13424
46	564	1.80506
46	587	2.58112
46	672	2.28531
46	870	3.55166
46	899	2.81255
46	974	3.13884
46	977	2.35875
47	209	1.64215
47	451	3.7971
47	455	1.95621
47	800	3.52035
47	961	2.05858
47	979	2.52101
47	991	3.04398
48	50	1.82014
48	168	2.48162
48	256	3.49145
48	286	2.63875
48	411	3.27109
48	519	2.16392
48	721	2.63312
49	156	2.02829
49	199	2.32049
49	381	2.15714
49	583	3.01958
49	586	2.62292
49	753	2.76842
49	813	3.61754
50	1	2.28571
50	48	1.82014
50	286	2.51988
50	473	2.27353
50	551	2.65619
50	921	3.44991
50	957	3.52612
51	32	1.98925
51	161	2.28248
51	183	3.1722
51	260	2.10509
51	307	2.89574
51	562	3.18149
51	891	2.87883
52	389	2.37777
52	757	1.7813
52	833	1.47065
52	862	3.2174
52	936	3.66516
52	981	3.14438
52	993	2.87172
53	413	1.75686
53	592	2.38737
53	620	2.17392
53	649	3.35283
53	817	2.55404
53	907	2.94821
53	986	3.35372
54	88	1.55104
54	153	2.43958
54	374	1.4862
54	678	3.51398
54	783	1.89004
54	961	3.44253
54	973	4.1956
55	386	1.17873
55	432	3.52717
55	495	2.306
55	572	3.42795
55	590	2.6109
55	689	1.89001
55	977	3.5881
56	457	1.69588
56	516	2.17216
56	573	2.12223
56	779	3.47462
56	902	3.09383
56	934	3.63903
56	965	2.34812
57	80	2.52117
57	213	2.63495
57	337	1.70511
57	504	1.44675
57	671	2.95958
57	922	4.10406
57	945	3.152
58	13	1.59647
58	536	2.70937
58	554	2.48114
58	633	2.26598
58	692	2.47285
58	795	3.46035
58	925	3.56201
59	98	1.92118
59	166	1.36656
59	215	2.34542
59	900	3.48523
59	906	3.14213
59	911	2.82749
59	959	3.43418
60	280	2.77099
60	318	1.89581
60	644	3.60507
60	661	2.16742
60	735	2.19634
60	851	2.86134
60	946	3.00061
61	82	1.60304
61	118	2.22083
61	150	3.04305
61	278	2.7895
61	667	2.63411
61	912	2.75577
61	944	3.43174
62	445	2.19323
62	518	2.61905
62	642	1.8699
62	648	2.08567
62	889	2.7245
62	891	3.29545
62	962	3.77289
63	507	2.61358
63	532	1.67799
63	821	2.60673
63	890	1.94176
63	916	3.00227
63	967	3.63447
63	996	3.0327
64	1	2.28076
64	23	1.631
64	220	2.34447
64	268	2.67406
64	652	3.05114
64	787	3.00425
64	870	3.57735
65	519	1.61286
65	592	3.02911
65	593	1.8867
65	610	2.89391
65	665	3.37121
65	738	3.3375
65	782	2.35431
66	20	2.44338
66	557	2.0709
66	656	1.99816
66	698	3.88164
66	712	2.1079
66	725	2.93037
66	846	3.08317
67	597	2.23654
67	645	2.00958
67	740	2.58107
67	749	2.90844
67	811	2.11532
67	981	2.52708
67	991	4.15537
68	187	2.22741
68	383	2.81309
68	460	1.44659
68	498	2.15153
68	894	4.21349
68	930	2.05563
68	955	3.59723
69	212	1.58393
69	387	1.25481
69	602	1.87079
69	663	2.04541
69	677	4.30072
69	732	2.53617
69	907	4.96163
70	268	1.95824
70	339	2.20176
70	450	3.31028
70	482	1.93353
70	776	2.7343
70	938	3.2299
70	969	3.16689
71	23	2.21337
71	488	2.11329
71	624	2.74309
71	662	2.70428
71	785	2.23592
71	793	3.11592
71	894	3.40308
72	114	3.06959
72	126	1.49547
72	469	3.05769
72	544	1.96472
72	555	3.11324
72	824	2.90032
72	866	2.90035
73	155	1.83893
73	468	1.38192
73	525	2.96484
73	602	2.19897
73	768	2.57455
73	868	3.10483
73	873	4.4452
74	98	2.0345
74	177	3.39512
74	223	1.89794
74	313	2.56802
74	384	3.29231
74	464	2.02604
74	941	3.3003
75	150	2.67444
75	217	2.08866
75	386	1.78169
75	447	1.75315
75	530	2.82848
75	971	3.76045
75	975	3.61392
76	181	1.21486
76	499	3.13025
76	570	2.16457
76	709	2.76066
76	795	3.33355
76	857	3.16575
76	952	2.7744
77	93	1.5568
77	146	2.48007
77	225	2.185
77	569	3.15786
77	688	2.85323
77	711	2.36689
77	960	3.92485
78	101	2.24692
78	241	1.74826
78	377	2.05481
78	835	3.46633
78	896	2.70838
78	980	2.76764
78	987	3.54439
79	91	3.32398
79	107	2.07602
79	302	2.60758
79	402	2.10919
79	600	2.18722
79	640	3.32875
79	693	2.86252
80	29	1.77682
80	39	1.7154
80	57	2.52117
80	741	2.30309
80	893	3.70511
80	908	3.8332
80	922	2.6537
81	108	2.02512
81	280	2.90134
81	327	2.04349
81	481	2.77183
81	517	2.59346
81	622	3.59976
81	774	2.598
82	61	1.60304
82	159	3.12888
82	440	1.55183
82	491	2.64157
82	786	3.51585
82	809	2.52772
82	972	3.58849
83	211	1.99894
83	597	2.16542
83	742	2.94193
83	759	3.16494
83	771	3.08952
83	811	3.1531
83	906	2.02775
84	189	3.18465
84	415	1.9336
84	639	1.76617
84	645	2.57316
84	850	2.91883
84	857	2.36535
84	878	3.76788
85	13	2.4997
85	554	3.38437
85	692	3.37608
85	805	2.00198
85	826	2.70608
85	834	1.94388
85	860	2.61176
86	226	1.33092
86	228	3.00063
86	400	1.74354
86	415	3.28804
86	881	2.9742
86	891	2.85519
86	962	3.33263
87	509	2.55701
87	535	3.08797
87	591	2.37183
87	804	3.60574
87	834	2.05177
87	854	2.67042
87	921	2.16037
88	54	1.55104
88	534	3.25704
88	626	2.49792
88	678	2.29743
88	773	3.47245
88	973	2.97905
88	984	2.4323
89	164	1.7994
89	244	2.26189
89	408	2.05223
89	527	2.27821
89	692	4.26089
89	739	2.66785
89	810	3.19208
90	139	2.6966
90	270	2.22722
90	295	2.1729
90	303	2.36623
90	353	2.71356
90	439	1.95259
90	958	4.39345
91	23	2.60235
91	79	3.32398
91	269	2.29383
91	596	2.00598
91	616	3.33361
91	684	2.06221
91	865	2.90803
92	44	2.82981
92	444	1.27059
92	780	3.28974
92	836	3.14057
92	898	2.63468
92	905	2.69755
92	998	2.68665
93	77	1.5568
93	260	2.30603
93	406	1.89297
93	478	1.45955
93	956	4.01475
93	984	3.92464
93	998	3.3522
94	126	1.48625
94	623	2.30341
94	747	2.70003
94	876	3.64702
94	877	3.16562
94	973	2.3341
94	987	2.91315
95	162	2.39029
95	573	1.79013
95	815	2.44726
95	878	3.16404
95	902	2.76173
95	953	2.26106
95	962	3.72533
96	358	2.16699
96	617	2.22658
96	756	2.39906
96	773	2.44827
96	808	2.71288
96	973	3.54676
96	984	3.00001
97	119	2.53105
97	205	2.90464
97	320	1.83883
97	340	2.09369
97	464	3.79558
97	546	2.68012
97	580	2.644
98	59	1.92118
98	74	2.0345
98	137	2.86014
98	218	1.90066
98	252	2.73022
98	391	3.6332
98	906	3.40365
99	440	2.36594
99	515	2.51664
99	682	1.89266
99	853	2.58677
99	859	3.62844
99	964	2.49364
99	992	3.05138
100	382	2.29268
100	400	1.63802
100	445	1.64744
100	832	3.31172
100	891	2.74967
100	962	3.2271
100	963	3.67795
101	14	1.25588
101	78	2.24692
101	117	2.50561
101	157	2.39549
101	801	2.82018
101	965	4.09964
101	987	3.25472
102	238	1.53185
102	446	2.84285
102	557	2.13905
102	623	2.72419
102	797	2.82395
102	923	3.19019
102	947	3.24695
103	332	0.783765
103	422	2.74732
103	426	2.67328
103	472	3.22381
103	577	2.50967
103	708	3.13756
103	786	3.46092
104	652	2.96769
104	736	1.33416
104	806	3.2973
104	817	3.02195
104	818	2.76661
104	881	2.7666
104	934	2.39283
105	318	2.22711
105	357	2.83198
105	441	2.07457
105	499	2.59846
105	529	3.18888
105	721	3.23562
105	963	2.414
106	175	2.06033
106	485	2.82224
106	660	1.90809
106	725	2.58176
106	733	2.73756
106	816	3.72158
106	914	2.71007
107	79	2.07602
107	309	2.14057
107	325	2.14057
107	503	2.36388
107	837	2.6126
107	891	3.71381
107	910	3.47799
108	81	2.02512
108	189	2.94321
108	191	2.07195
108	517	3.61506
108	774	3.6196
108	794	2.01527
108	814	2.24443
109	254	2.6357
109	390	2.83807
109	471	1.696
109	534	2.45741
109	733	3.78636
109	748	2.61949
109	813	2.46764
110	7	2.18431
110	484	1.64376
110	632	2.39379
110	834	1.94567
110	943	3.67082
110	946	2.74207
110	997	3.94562
111	173	3.10751
111	329	1.53673
111	414	1.59104
111	506	2.57765
111	613	2.09088
111	879	3.50105
111	954	4.16812
112	16	1.85693
112	169	2.28277
112	220	2.10088
112	487	1.77346
112	561	2.98341
112	965	3.9939
112	989	3.52032
113	324	1.73805
113	467	2.68594
113	483	3.06406
113	577	2.64698
113	585	2.49808
113	587	2.37734
113	912	3.47764
114	72	3.06959
114	604	3.17102
114	637	2.2171
114	786	3.02045
114	806	2.33147
114	895	2.48865
114	901	2.22408
115	189	2.52172
115	206	1.68948
115	250	1.87663
115	646	3.32106
115	732	3.42371
115	816	2.58484
115	830	3.14894
116	155	2.17001
116	342	2.84717
116	419	3.08823
116	640	2.12586
116	733	3.32323
116	787	2.68304
116	884	2.28131
117	101	2.50561
117	167	1.65808
117	516	1.45738
117	747	3.58995
117	753	3.16272
117	762	2.60954
117	984	3.54839
118	4	1.9355
118	61	2.22083
118	123	1.43072
118	331	2.9981
118	772	3.0732
118	812	2.82538
118	994	4.06256
119	97	2.53105
119	405	1.5319
119	476	3.08159
119	607	1.87197
119	781	3.08763
119	841	3.09043
119	892	3.33705
120	215	1.9036
120	691	2.49776
120	739	2.24004
120	786	2.00661
120	879	2.52346
120	909	3.27981
120	929	4.07677
121	240	1.26585
121	330	1.66898
121	627	1.95158
121	741	3.9222
121	757	2.13734
121	832	2.21514
121	985	5.34125
122	420	1.47524
122	449	2.43905
122	627	3.11724
122	714	2.2158
122	763	2.61486
122	900	2.93925
122	943	3.70393
123	118	1.43072
123	523	2.1938
123	632	3.00974
123	652	2.41668
123	694	3.84978
123	858	2.41678
123	898	3.21605
124	520	1.09383
124	696	2.62059
124	805	2.59818
124	837	3.05536
124	876	3.69852
124	897	2.47275
124	987	2.96465
125	8	2.47688
125	44	3.11143
125	232	2.1812
125	394	3.64174
125	400	2.83239
125	428	2.50676
125	883	1.78383
126	72	1.49547
126	94	1.48625
126	195	1.62724
126	496	2.18543
126	824	3.88226
126	866	3.88229
126	934	3.94943
127	141	2.12843
127	324	1.68399
127	462	2.48351
127	476	3.19405
127	717	3.5811
127	828	2.77804
127	968	2.7194
128	221	1.99086
128	292	2.24929
128	384	2.64784
128	417	2.09515
128	441	2.91035
128	769	3.04108
128	848	3.57137
129	239	2.85201
129	314	0.401379
129	471	2.8924
129	803	3.49125
129	827	2.89851
129	861	3.24472
129	932	2.72001
130	146	2.43992
130	213	1.88543
130	238	1.84646
130	434	3.03228
130	747	2.75185
130	864	2.71168
130	999	3.79022
131	229	2.14874
131	285	1.82427
131	508	1.92011
131	764	3.33794
131	772	3.43874
131	858	2.51157
131	898	3.31085
132	249	3.14285
132	747	2.1377
132	752	2.73622
132	753	1.71047
132	817	3.38748
132	876	3.08469
132	910	2.32582
133	386	1.5324
133	407	2.70779
133	522	2.46145
133	566	2.78629
133	652	2.46657
133	791	2.81901
133	905	3.76892
134	338	2.64978
134	379	1.51886
134	612	2.77324
134	670	2.22317
134	731	3.06357
134	850	2.70974
134	972	3.54696
135	333	1.72987
135	456	2.60139
135	699	3.0692
135	742	2.35291
135	759	2.57592
135	962	3.23111
135	983	2.96569
136	389	2.51427
136	476	2.22376
136	734	2.16886
136	794	3.14893
136	805	2.38564
136	854	2.67702
136	916	3.43416
137	98	2.86014
137	311	1.96854
137	494	2.73124
137	526	1.96203
137	571	3.10415
137	752	3.42363
137	937	2.4764
138	409	1.75412
138	511	2.51689
138	622	2.84464
138	699	3.111
138	820	1.8344
138	989	3.1757
138	993	3.30102
139	90	2.6966
139	470	1.08581
139	924	2.93391
139	935	2.28992
139	937	2.95242
139	985	3.12304
139	996	3.44528
140	145	2.93379
140	238	1.56368
140	602	2.13837
140	698	2.38641
140	768	2.51395
140	868	3.04423
140	965	3.97889
141	127	2.12843
141	176	1.67489
141	465	3.41363
141	469	1.77948
141	501	3.69335
141	570	2.56872
141	908	3.23738
142	156	2.84043
142	219	1.78046
142	383	1.99815
142	612	2.83609
142	644	3.26679
142	674	3.06842
142	895	2.62233
143	32	1.93912
143	437	2.10396
143	520	2.61893
143	696	2.59159
143	736	3.13759
143	773	2.80455
143	907	3.31262
144	3	2.23139
144	355	1.83084
144	569	2.52346
144	591	2.18116
144	893	3.01679
144	958	2.8721
144	965	3.91328
145	27	2.47145
145	42	2.63585
145	140	2.93379
145	508	3.68121
145	697	2.15992
145	851	2.55556
145	852	2.09077
146	33	2.61309
146	77	2.48007
146	130	2.43992
146	517	1.57166
146	745	2.12394
146	804	2.92187
146	999	4.34164
147	317	0.93895
147	419	3.32617
147	549	2.18211
147	707	2.86368
147	732	3.07239
147	946	3.01667
147	1000	3.12722
148	30	1.6525
148	240	1.75078
148	374	1.84313
148	556	2.50293
148	832	3.99625
148	952	3.16359
148	990	3.61611
149	232	2.14256
149	350	1.97234
149	604	2.08982
149	779	2.65693
149	956	3.97507
149	985	2.39102
149	998	3.31252
150	61	3.04305
150	75	2.67444
150	278	3.54712
150	839	2.54953
150	939	1.96452
150	982	2.00774
150	988	2.74463
151	45	4.33076
151	269	1.47388
151	490	1.15793
151	519	4.90785
151	679	2.72442
151	840	1.68624
151	849	2.2238
152	477	3.08241
152	713	2.61092
152	746	3.13553
152	755	2.36367
152	827	3.03792
152	863	1.89588
152	968	2.39046
153	54	2.43958
153	341	3.69444
153	717	3.12496
153	730	1.39016
153	772	2.73079
153	812	2.48297
153	820	2.65849
154	41	1.6988
154	203	1.93298
154	328	2.03714
154	366	2.46703
154	518	3.64171
154	624	3.18997
154	966	3.57737
155	73	1.83893
155	116	2.17001
155	472	2.96502
155	606	2.0357
155	640	3.46733
155	751	2.43604
155	884	3.62278
156	49	2.02829
156	142	2.84043
156	341	2.19432
156	690	3.32372
156	704	3.13451
156	804	2.87145
156	844	2.15441
157	101	2.39549
157	620	1.52235
157	636	3.30847
157	668	1.70981
157	761	3.54171
157	782	2.72082
157	958	3.30787
158	164	1.44888
158	244	2.85505
158	328	2.53802
158	776	2.36196
158	924	2.72267
158	931	3.87064
158	937	2.74117
159	82	3.12888
159	318	2.30775
159	343	3.03751
159	562	3.07898
159	671	2.31454
159	771	2.67126
159	868	2.00178
160	9	2.07778
160	353	2.07044
160	380	2.82045
160	560	2.80883
160	745	2.15765
160	802	3.6237
160	970	2.95408
161	51	2.28248
161	202	3.18616
161	496	2.12466
161	579	2.18639
161	754	2.44679
161	770	2.50131
161	966	3.79391
162	95	2.39029
162	315	1.18132
162	333	2.67234
162	721	3.11827
162	764	3.0814
162	811	3.50656
162	995	2.56866
163	247	2.57736
163	583	1.97876
163	692	2.54501
163	844	3.44654
163	875	2.2502
163	931	2.50378
163	945	3.24683
164	89	1.7994
164	158	1.44888
164	189	3.13227
164	508	1.19989
164	665	3.12075
164	832	4.05998
164	935	3.74993
165	479	2.01058
165	610	2.98771
165	672	1.32532
165	673	2.84127
165	680	2.91028
165	738	3.4313
165	771	3.02836
166	59	1.36656
166	174	2.45986
166	725	2.67587
166	785	2.54229
166	831	2.92492
166	908	3.65041
166	941	2.89388
167	3	2.2983
167	117	1.65808
167	266	2.48554
167	370	2.82739
167	637	2.85225
167	895	3.12379
167	963	3.2852
168	48	2.48162
168	426	2.98024
168	491	2.8936
168	595	3.39693
168	774	2.4436
168	898	2.51283
168	908	1.83105
169	112	2.28277
169	457	1.49863
169	553	2.8547
169	747	2.91301
169	815	2.58211
169	841	3.48494
169	902	2.89658
170	257	2.28923
170	598	2.3707
170	600	2.35056
170	760	2.02774
170	873	2.5097
170	887	3.28852
170	897	3.65736
171	282	1.56897
171	284	1.95547
171	834	3.37162
171	845	3.22343
171	866	2.52059
171	904	3.05914
171	994	2.8295
172	557	3.09864
172	656	3.02591
172	712	3.13564
172	819	1.53597
172	958	2.46958
172	976	2.11842
172	977	3.1561
173	111	3.10751
173	179	3.07924
173	272	1.28661
173	326	3.04495
173	364	1.76389
173	955	2.76555
173	974	3.44398
174	27	1.44292
174	166	2.45986
174	223	2.87791
174	586	3.08626
174	868	2.62258
174	911	3.92079
174	978	2.10778
175	106	2.06033
175	514	1.5328
175	544	2.2376
175	660	3.19898
175	869	2.45346
175	873	3.04866
175	914	4.00096
176	141	1.67489
176	241	2.33009
176	523	2.79171
176	570	2.71337
176	584	3.0925
176	659	2.5416
176	864	3.36532
177	74	3.39512
177	310	1.25041
177	684	2.67074
177	763	3.19464
177	922	1.95326
177	985	3.0217
177	995	3.02991
178	538	3.80843
178	545	1.9304
178	879	2.70644
178	890	2.7702
178	903	2.35908
178	912	2.46079
178	913	2.51007
179	173	3.07924
179	198	1.96327
179	267	1.19284
179	536	3.24153
179	554	3.0133
179	692	3.00501
179	903	3.03071
180	245	2.54863
180	327	3.07869
180	712	2.21143
180	774	3.6332
180	778	2.09142
180	892	2.65802
180	934	2.31994
181	76	1.21486
181	328	2.11211
181	621	2.51537
181	695	3.56356
181	761	3.18129
181	871	2.48804
181	940	3.43988
182	195	2.88919
182	417	1.65216
182	723	2.84017
182	726	2.77513
182	835	2.04594
182	899	3.54217
182	933	2.79563
183	51	3.1722
183	562	2.99462
183	595	3.08571
183	624	2.13259
183	663	2.28468
183	699	2.29475
183	801	2.57956
184	265	1.9081
184	292	1.89931
184	446	2.49216
184	464	1.88185
184	571	2.85764
184	669	3.91139
184	984	3.53349
185	278	2.55887
185	456	2.44632
185	558	2.36981
185	759	2.42085
185	764	1.98386
185	804	4.28819
185	811	2.40901
186	2	2.58423
186	409	1.83201
186	537	2.37796
186	766	3.15096
186	814	2.57596
186	938	3.52477
186	944	2.50178
187	68	2.22741
187	208	3.45182
187	366	2.55403
187	549	3.28031
187	691	2.11263
187	788	2.34612
187	894	2.5756
188	279	1.85304
188	477	2.86379
188	479	2.71505
188	521	1.60358
188	579	3.68033
188	655	2.07547
188	877	3.72401
189	84	3.18465
189	108	2.94321
189	115	2.52172
189	164	3.13227
189	293	2.23059
189	459	1.99058
189	732	2.51346
190	479	2.75953
190	686	3.06338
190	799	2.28876
190	845	3.43732
190	873	2.50357
190	943	2.22295
190	996	2.26417
191	108	2.07195
191	263	1.61241
191	440	3.04872
191	668	1.68004
191	739	4.1384
191	782	2.69104
191	958	3.27809
192	23	3.53354
192	297	2.62685
192	352	1.92106
192	477	1.78922
192	579	2.60576
192	741	3.10011
192	783	2.94417
193	266	1.10641
193	467	1.83505
193	471	1.92116
193	749	1.934
193	789	4.26118
193	853	2.46432
193	870	5.013
194	202	1.82538
194	274	2.59115
194	527	2.22335
194	625	3.13765
194	737	3.53094
194	979	2.48785
194	992	2.71015
195	126	1.62724
195	182	2.88919
195	249	1.94896
195	391	3.41294
195	582	2.57605
195	666	2.95092
195	994	3.1234
196	242	2.17175
196	331	1.97325
196	472	2.58857
196	663	2.30915
196	697	4.49049
196	742	2.4407
196	935	2.57497
197	382	1.65942
197	527	2.79506
197	656	2.13532
197	712	2.24505
197	802	3.00865
197	846	3.22033
197	927	3.44628
198	37	2.79819
198	179	1.96327
198	279	1.51738
198	766	4.50656
198	892	2.39739
198	923	2.47035
198	978	2.87481
199	49	2.32049
199	460	2.14188
199	513	2.24223
199	607	2.53575
199	747	2.97034
199	835	3.10541
199	987	3.18347
200	471	2.90146
200	743	2.23858
200	749	2.9143
200	852	2.32179
200	853	3.44462
200	954	1.86673
200	963	2.8445
201	20	2.56975
201	261	2.73682
201	378	2.75689
201	387	3.23555
201	421	2.51253
201	779	3.01407
201	867	2.47433
201	966	3.32299
202	161	3.18616
202	194	1.82538
202	244	2.88188
202	499	2.16456
202	642	2.8776
202	838	2.86457
202	913	3.42051
202	964	3.40541
203	154	1.93298
203	421	2.97623
203	438	3.21671
203	567	2.2921
203	619	2.537
203	744	3.25989
203	779	3.47778
203	867	2.93803
204	36	1.51144
204	336	2.52728
204	390	2.69352
204	463	2.45103
204	733	3.64181
204	919	3.15518
204	931	3.61579
204	953	3.03995
205	97	2.90464
205	210	2.10114
205	477	2.13813
205	754	3.21508
205	783	3.29308
205	845	2.66718
205	903	3.62591
205	966	2.69256
206	115	1.68948
206	227	1.68895
206	414	2.55113
206	679	3.44835
206	700	3.30937
206	822	3.54837
206	856	2.86443
206	970	3.51368
207	456	1.52021
207	653	2.32548
207	665	3.76729
207	755	2.82801
207	819	3.27179
207	863	2.36022
207	968	2.85479
207	972	3.70981
208	187	3.45182
208	262	2.00774
208	436	1.83023
208	561	3.63569
208	641	2.40813
208	706	2.27938
208	778	2.78801
208	902	4.21995
209	47	1.64215
209	259	2.6153
209	494	2.42478
209	746	2.52918
209	768	2.91613
209	863	3.45131
209	887	2.99252
209	961	4.0611
210	205	2.10114
210	487	2.61889
210	489	2.59619
210	818	3.03048
210	834	3.33504
210	881	3.03047
210	934	2.65671
210	936	3.2552
211	45	2.38785
211	83	1.99894
211	486	3.37443
211	664	2.5741
211	693	2.5741
211	771	3.08274
211	803	3.08275
211	847	3.54381
212	69	1.58393
212	263	2.22809
212	534	3.30193
212	540	2.9992
212	581	3.42432
212	705	1.88613
212	782	3.30672
212	958	3.89378
213	8	3.23013
213	57	2.63495
213	130	1.88543
213	310	2.06462
213	804	3.11412
213	852	3.08096
213	922	2.76747
213	985	3.83592
214	322	1.72759
214	544	2.5718
214	634	2.7768
214	684	2.82441
214	796	2.74227
214	824	3.5074
214	866	3.50743
214	876	2.97962
215	59	2.34542
215	120	1.9036
215	466	3.14808
215	758	2.58752
215	761	2.92057
215	848	2.88967
215	909	3.01294
215	929	3.8099
216	548	2.14415
216	570	2.74548
216	572	2.91428
216	627	2.89692
216	635	2.8327
216	756	2.74884
216	800	3.23682
216	864	3.11233
217	75	2.08866
217	405	2.90657
217	481	1.91198
217	525	2.62705
217	608	2.62705
217	742	3.39189
217	919	3.15307
217	946	3.94617
218	36	1.93556
218	98	1.90066
218	297	2.66357
218	339	2.52606
218	906	3.12161
218	922	4.1813
218	940	3.12555
218	941	3.16646
219	142	1.78046
219	341	2.64785
219	462	2.28288
219	677	3.68517
219	684	2.79724
219	717	3.38048
219	809	3.06817
219	841	3.00226
220	23	2.50451
220	64	2.34447
220	112	2.10088
220	331	3.30787
220	433	3.22847
220	576	3.24754
220	616	3.23578
220	725	2.67437
221	128	1.99086
221	377	1.88743
221	396	3.04641
221	727	3.14791
221	743	3.17292
221	757	2.4516
221	853	3.15493
221	999	3.8076
222	281	2.00415
222	381	2.02711
222	407	2.30727
222	492	2.07563
222	684	3.79401
222	894	3.10212
222	927	3.88679
222	986	3.42019
223	74	1.89794
223	174	2.87791
223	253	2.02145
223	458	2.88467
223	632	3.25359
223	886	3.1656
223	906	3.26709
223	940	3.27102
224	372	2.67038
224	377	2.55631
224	503	2.47719
224	624	2.65911
224	664	3.3177
224	718	3.36472
224	889	2.82296
224	919	2.81877
225	77	2.185
225	409	2.85329
225	433	2.43942
225	776	2.6395
225	799	3.84521
225	832	2.66627
225	924	3.00021
225	937	3.01872
226	86	1.33092
226	443	1.82816
226	523	2.36189
226	546	2.37722
226	816	3.13845
226	891	3.83856
226	920	3.45817
226	962	4.316
227	206	1.68895
227	322	1.88806
227	366	2.5812
227	679	3.77669
227	849	3.27607
227	869	3.13647
227	966	2.92034
227	970	3.36696
228	34	0.993181
228	86	3.00063
228	325	2.57846
228	460	3.66367
228	513	3.66305
228	644	3.16112
228	713	2.55562
228	859	3.04109
229	131	2.14874
229	270	2.3244
229	395	1.85381
229	655	3.0352
229	702	2.25998
229	846	2.83408
229	970	3.69439
229	987	4.48692
230	35	2.42834
230	265	3.00814
230	334	2.39596
230	434	2.40669
230	436	3.69173
230	599	2.80716
230	746	3.11284
230	765	2.7825
231	424	2.68405
231	451	2.98317
231	455	2.23597
231	632	2.86693
231	862	2.79477
231	955	2.61956
231	974	3.29799
231	980	3.16041
232	125	2.1812
232	149	2.14256
232	488	2.32165
232	500	2.95344
232	581	2.97207
232	588	2.86606
232	828	3.15448
232	913	4.02949
233	294	2.30894
233	350	2.33168
233	372	2.46404
233	652	3.09829
233	718	3.15838
233	888	3.46596
233	889	2.61662
233	920	3.22029
234	243	3.01785
234	287	2.20415
234	368	2.60062
234	426	3.43973
234	547	2.64184
234	575	2.66829
234	777	2.92833
234	874	3.07469
235	32	2.06988
235	297	2.57765
235	365	2.3068
235	579	2.86244
235	621	2.49062
235	686	2.8205
235	930	4.36673
235	949	3.17518
236	26	2.74889
236	356	1.44754
236	538	3.89477
236	545	1.86169
236	677	2.46663
236	809	2.9721
236	907	3.12755
236	965	4.1584
237	336	1.89255
237	567	2.58648
237	670	2.25779
237	742	3.15422
237	801	2.83231
237	933	3.63471
237	943	3.44733
237	971	2.83836
238	102	1.53185
238	130	1.84646
238	140	1.56368
238	468	2.2782
238	768	3.47082
238	795	3.40134
238	868	4.00111
238	965	4.57463
239	129	2.85201
239	344	1.8352
239	593	2.61718
239	766	2.53401
239	882	3.25395
239	886	3.21117
239	938	2.90782
239	980	3.41955
240	121	1.26585
240	148	1.75078
240	329	2.69702
240	619	2.7955
240	686	3.55748
240	701	3.23806
240	904	3.82145
240	952	3.5293
241	25	1.91534
241	78	1.74826
241	176	2.33009
241	466	3.33758
241	647	3.17584
241	679	2.62068
241	785	3.60272
241	908	3.89258
242	27	3.75878
242	196	2.17175
242	396	2.45938
242	472	1.54533
242	710	2.17702
242	851	3.84289
242	924	3.67588
242	962	3.03351
243	234	3.01785
243	301	2.42032
243	392	2.22368
243	442	3.2995
243	548	2.68446
243	723	2.4695
243	902	3.13551
243	975	3.37548
244	9	1.90864
244	89	2.26189
244	158	2.85505
244	202	2.88188
244	408	2.79899
244	589	2.83827
244	739	3.41461
244	957	3.6699
245	180	2.54863
245	327	2.55339
245	350	2.14598
245	517	3.10337
245	774	3.10791
245	862	3.05486
245	891	3.14271
245	976	2.97149
246	284	2.43597
246	448	2.18062
246	685	2.90624
246	775	3.0616
246	818	2.33138
246	871	3.63568
246	942	2.68721
246	949	3.38446
247	25	2.49619
247	163	2.57736
247	316	2.63637
247	632	3.0287
247	650	1.78941
247	729	3.06282
247	915	3.37426
247	986	3.64324
248	262	2.02417
248	317	2.40948
248	390	2.64671
248	429	2.91815
248	438	3.20608
248	677	2.66387
248	900	3.41128
248	907	3.32478
249	132	3.14285
249	195	1.94896
249	365	1.77647
249	487	2.87047
249	503	3.34665
249	926	2.76342
249	930	3.8364
249	988	2.94202
250	115	1.87663
250	345	2.71201
250	455	2.58684
250	474	3.00047
250	511	1.56687
250	778	3.7057
250	974	3.64886
250	980	3.51129
251	373	2.58118
251	380	2.30074
251	454	2.24892
251	735	2.97983
251	789	2.45793
251	946	3.7841
251	979	2.88773
251	980	3.39698
252	98	2.73022
252	308	2.32939
252	499	2.3423
252	642	3.05534
252	749	2.49136
252	964	3.58315
252	972	2.8748
252	988	3.23454
253	27	2.98484
253	223	2.02145
253	349	2.32959
253	663	3.24848
253	697	2.67332
253	851	3.06895
253	852	2.60416
253	867	3.7211
254	109	2.6357
254	390	2.65745
254	463	2.41497
254	537	2.586
254	733	3.60575
254	772	2.62596
254	888	3.03227
254	933	3.09474
255	425	1.92167
255	532	2.21484
255	602	2.6662
255	762	3.10008
255	833	3.05422
255	837	3.64912
255	890	2.4786
255	996	3.56955
256	48	3.49145
256	535	2.74169
256	562	2.04039
256	603	2.87563
256	682	3.04602
256	716	2.63478
256	826	2.77682
256	897	3.03391
257	45	1.88519
257	170	2.28923
257	361	2.59664
257	401	3.11797
257	430	2.49179
257	499	3.7495
257	827	2.71402
257	893	3.81874
258	24	3.19583
258	271	1.94324
258	368	2.24153
258	610	2.42465
258	690	3.9408
258	843	2.77028
258	863	3.34853
258	944	2.78373
259	209	2.6153
259	453	2.87509
259	677	3.33838
259	679	1.94892
259	839	2.29348
259	870	3.18057
259	981	2.38884
259	991	4.01713
260	51	2.10509
260	93	2.30603
260	441	2.10458
260	514	2.68503
260	655	2.98577
260	768	3.92049
260	796	2.82987
260	992	3.69405
261	201	2.73682
261	574	2.68189
261	596	2.33809
261	600	2.94409
261	693	2.85776
261	760	2.62127
261	870	3.06394
261	958	3.38692
262	208	2.00774
262	248	2.02417
262	408	2.93101
262	541	2.90732
262	579	3.35228
262	703	3.02573
262	706	2.945
262	778	3.45362
263	191	1.61241
263	212	2.22809
263	268	2.56374
263	367	2.42869
263	573	2.96614
263	579	3.4038
263	705	2.7328
263	958	4.74045
264	291	1.6361
264	359	3.54525
264	404	1.46646
264	593	2.4278
264	818	3.54958
264	882	3.06457
264	938	2.71844
264	944	4.25078
265	37	2.41973
265	184	1.9081
265	230	3.00814
265	286	2.13314
265	559	2.99302
265	686	3.8813
265	726	2.88845
265	727	3.41513
266	167	2.48554
266	193	1.10641
266	467	3.15978
266	604	3.02019
266	749	3.25872
266	853	3.78905
266	918	3.03981
266	954	2.76438
267	179	1.19284
267	388	2.72528
267	470	3.03577
267	553	2.51863
267	644	2.74774
267	660	2.63389
267	914	3.43587
267	984	4.33061
268	64	2.67406
268	70	1.95824
268	263	2.56374
268	607	2.69032
268	765	3.1944
268	803	2.96825
268	951	3.08898
268	969	3.47072
269	91	2.29383
269	151	1.47388
269	305	2.88568
269	437	3.04815
269	614	3.03757
269	690	2.93002
269	840	3.24737
269	856	3.70164
270	90	2.22722
270	229	2.3244
270	291	2.28331
270	351	2.48967
270	410	1.83486
270	794	3.32604
270	880	3.85637
270	970	4.2724
271	34	2.32598
271	258	1.94324
271	413	2.591
271	425	3.14636
271	512	2.31079
271	629	2.74697
271	690	3.67511
271	961	3.93917
272	173	1.28661
272	364	1.97122
272	511	1.56931
272	592	3.42939
272	594	3.34857
272	877	4.55817
272	955	2.97288
272	980	3.51373
273	287	2.40842
273	403	2.73767
273	421	2.30678
273	506	2.91053
273	659	2.88697
273	711	3.18176
273	789	2.98902
273	898	3.25148
274	194	2.59115
274	322	2.08059
274	625	2.59795
274	737	2.99125
274	861	2.43761
274	940	3.68225
274	949	3.13416
274	999	3.0903
275	24	1.63049
275	395	2.89036
275	466	3.41537
275	592	2.79888
275	639	3.18221
275	673	2.51723
275	718	3.08362
275	738	3.10726
276	397	1.66071
276	459	2.99731
276	525	3.04239
276	608	3.0424
276	620	2.53451
276	914	2.92515
276	919	3.56841
276	966	2.85894
277	346	2.63147
277	391	1.92267
277	548	2.76329
277	662	2.23675
277	670	2.17162
277	903	3.98755
277	933	3.54853
277	951	3.35977
278	61	2.7895
278	150	3.54712
278	185	2.55887
278	326	2.23238
278	522	2.73986
278	664	2.99512
278	766	3.09223
278	875	2.70321
279	188	1.85304
279	198	1.51738
279	613	3.04307
279	676	3.23375
279	797	3.07432
279	829	3.48831
279	878	2.79455
279	980	3.6418
280	60	2.77099
280	81	2.90134
280	444	1.65485
280	722	2.89903
280	734	2.65496
280	957	2.99845
280	959	3.27635
280	990	3.4835
281	222	2.00415
281	518	2.1696
281	680	3.2188
281	712	3.0613
281	936	3.33904
281	939	3.04775
281	950	2.69305
281	967	3.11207
282	33	2.83179
282	171	1.56897
282	463	2.80931
282	577	2.89225
282	587	2.62261
282	606	2.68493
282	839	4.10262
282	928	3.11617
283	472	3.06417
283	475	2.87819
283	629	2.3056
283	681	2.79251
283	870	2.86419
283	873	2.90348
283	877	2.66826
283	903	3.16853
284	171	1.95547
284	246	2.43597
284	392	3.00215
284	458	2.55849
284	596	2.9161
284	740	3.57278
284	775	3.40309
284	997	2.77572
285	131	1.82427
285	305	1.93919
285	679	3.33906
285	690	2.07088
285	700	3.20008
285	849	2.83844
285	905	3.80591
285	945	3.63287
286	48	2.63875
286	50	2.51988
286	265	2.13314
286	463	2.30403
286	519	2.86366
286	529	3.28612
286	948	3.0819
286	988	3.79244
287	6	2.63632
287	234	2.20415
287	273	2.40842
287	504	2.95452
287	789	3.31365
287	799	2.75818
287	904	2.6972
287	950	3.67655
288	371	2.82157
288	378	2.4081
288	387	3.07333
288	653	2.88582
288	685	2.31919
288	695	2.38681
288	869	3.52024
288	990	3.21591
289	545	2.62491
289	583	2.40248
289	625	2.45063
289	634	2.32915
289	892	3.37137
289	901	3.12076
289	912	3.15529
289	913	3.20457
290	707	2.72631
290	722	2.76741
290	767	2.28436
290	800	2.6649
290	864	2.5404
290	902	2.83293
290	986	3.4505
290	990	3.35189
291	264	1.6361
291	270	2.28331
291	404	2.276
291	603	2.71637
291	748	2.8961
291	882	3.87411
291	932	3.42472
291	938	3.52797
292	128	2.24929
292	184	1.89931
292	498	1.71653
292	617	2.16998
292	648	3.47328
292	787	3.71633
292	847	3.99792
292	931	3.42954
293	27	1.77887
293	189	2.23059
293	436	3.16252
293	646	3.02993
293	707	2.92387
293	732	3.13257
293	779	3.29653
293	879	3.0957
294	7	1.77003
294	233	2.30894
294	357	2.89849
294	482	3.18674
294	571	2.92797
294	821	2.72729
294	904	3.52314
294	994	3.2935
295	90	2.1729
295	300	2.10971
295	533	2.56933
295	730	2.84809
295	766	3.05931
295	769	3.05233
295	848	3.58262
295	1000	3.25206
296	5	2.70707
296	22	2.46061
296	751	2.43973
296	779	3.32887
296	797	2.6794
296	829	3.09338
296	947	3.10239
296	983	2.82587
297	192	2.62685
297	218	2.66357
297	235	2.57765
297	384	2.11921
297	437	2.57565
297	520	3.09062
297	696	3.06328
297	986	3.9066
298	29	1.67168
298	675	2.41603
298	710	1.80303
298	791	2.58445
298	859	3.23557
298	977	3.70722
298	985	3.617
298	995	3.62522
299	28	3.64086
299	30	3.25769
299	321	1.83754
299	713	4.41299
299	830	1.91863
299	899	2.84774
299	927	2.20232
299	942	2.51473
300	295	2.10971
300	533	2.56933
300	602	2.84147
300	613	2.8753
300	713	2.02582
300	769	3.05233
300	848	3.58262
300	945	3.59284
301	243	2.42032
301	546	2.95513
301	580	2.91901
301	665	3.01739
301	749	3.38224
301	795	3.29446
301	848	2.39094
301	881	2.2698
302	79	2.60758
302	507	2.62912
302	638	2.58963
302	654	2.71459
302	669	2.78415
302	787	3.25919
302	788	3.16717
302	884	2.85746
303	90	2.36623
303	394	1.99902
303	425	2.36254
303	569	2.8584
303	597	3.11215
303	702	2.97701
303	704	3.02088
303	708	3.95968
304	432	2.85819
304	472	1.32415
304	593	2.94391
304	678	2.96423
304	697	3.22607
304	725	2.52925
304	851	3.6217
304	852	3.15692
305	17	2.95712
305	269	2.88568
305	285	1.93919
305	366	2.94072
305	368	1.9939
305	408	3.25898
305	644	3.08802
305	856	3.5523
306	376	2.44189
306	410	2.96651
306	539	2.93566
306	610	2.59048
306	708	3.45923
306	802	2.67901
306	888	2.96956
306	911	2.5873
307	51	2.89574
307	426	2.39256
307	556	2.31225
307	577	2.92662
307	623	2.96735
307	708	2.85684
307	786	3.1802
307	832	3.11599
308	252	2.32939
308	333	2.44779
308	537	3.32948
308	642	3.02401
308	682	2.95084
308	824	3.13415
308	825	2.41249
308	838	3.01098
309	107	2.14057
309	339	2.33707
309	503	2.69805
309	630	2.64164
309	652	3.5255
309	716	3.35145
309	820	2.96157
309	837	2.94677
310	177	1.25041
310	213	2.06462
310	524	2.59268
310	657	1.79982
310	675	3.4012
310	730	3.34583
310	774	3.57112
310	995	4.61039
311	137	1.96854
311	364	2.57463
311	504	2.85066
311	583	3.92233
311	740	2.26354
311	843	2.36426
311	961	2.85244
311	991	3.83784
312	406	2.90785
312	603	2.76365
312	631	3.36933
312	713	2.40461
312	716	2.52281
312	737	3.269
312	826	2.66484
312	856	2.73116
313	74	2.56802
313	323	2.25315
313	738	2.08913
313	826	2.95469
313	879	2.86606
313	939	2.66338
313	950	3.71191
313	954	3.53314
314	18	1.67227
314	129	0.401379
314	390	3.43988
314	520	2.66236
314	823	3.51739
314	827	3.58516
314	861	3.93137
314	932	3.40665
315	162	1.18132
315	776	2.43691
315	788	1.78175
315	839	3.38131
315	903	3.68702
315	912	3.78873
315	913	3.83801
315	956	2.53491
316	247	2.63637
316	349	2.32908
316	465	1.86955
316	584	2.69759
316	627	3.18259
316	824	3.09714
316	844	3.50555
316	945	3.30584
317	147	0.93895
317	248	2.40948
317	429	2.9691
317	575	3.01117
317	677	2.71482
317	809	3.22029
317	901	3.41261
317	977	3.97086
318	28	2.75819
318	60	1.89581
318	105	2.22711
318	159	2.30775
318	454	2.39357
318	661	3.09555
318	724	4.00971
318	946	3.92874
319	424	2.01946
319	618	2.15901
319	661	2.90231
319	731	2.89054
319	860	3.02988
319	924	3.37317
319	970	2.8994
319	972	3.37393
320	97	1.83883
320	385	2.54231
320	539	2.06773
320	719	2.70751
320	959	3.49682
320	975	3.06901
320	976	3.86353
320	999	3.03039
321	299	1.83754
321	391	3.05573
321	563	2.4642
321	666	2.59371
321	848	2.18475
321	922	3.29678
321	942	3.81928
321	946	3.37303
322	214	1.72759
322	227	1.88806
322	274	2.08059
322	544	2.5717
322	738	2.79081
322	824	3.5073
322	866	3.50733
322	965	4.57909
323	313	2.25315
323	337	2.54845
323	414	2.40153
323	529	2.63132
323	757	3.16819
323	792	2.63061
323	829	2.8858
323	939	4.10886
324	113	1.73805
324	127	1.68399
324	351	2.55084
324	369	2.64599
324	606	3.24994
324	720	2.87011
324	744	4.20236
324	928	3.68118
325	107	2.14057
325	228	2.57846
325	503	2.69805
325	528	2.78753
325	535	3.08158
325	652	3.5255
325	837	2.94677
325	853	2.882
326	173	3.04495
326	278	2.23238
326	530	2.63998
326	561	1.63896
326	905	2.9189
326	944	2.87463
326	965	3.74345
326	971	3.57195
327	81	2.04349
327	180	3.07869
327	245	2.55339
327	653	2.2532
327	673	3.00323
327	768	2.96319
327	774	3.63796
327	937	3.1092
328	154	2.03714
328	158	2.53802
328	181	2.11211
328	705	3.1529
328	779	3.58194
328	842	2.65929
328	867	3.04219
328	916	3.51372
329	111	1.53673
329	240	2.69702
329	516	3.08551
329	657	3.12266
329	709	2.34987
329	723	2.83622
329	857	2.75496
329	969	4.24426
330	121	1.66898
330	502	2.72309
330	523	2.94392
330	635	2.85224
330	735	3.86551
330	886	2.64156
330	900	2.92225
330	925	3.03512
331	118	2.9981
331	196	1.97325
331	220	3.30787
331	588	3.02529
331	635	2.38845
331	800	2.79257
331	864	2.66808
331	990	3.47956
332	103	0.783765
332	358	3.17749
332	396	2.02383
332	422	2.67244
332	446	3.42481
332	766	3.02959
332	896	2.82466
332	921	4.71358
333	135	1.72987
333	162	2.67234
333	308	2.44779
333	598	2.64837
333	674	3.35111
333	719	2.85439
333	742	3.35011
333	811	3.56128
334	230	2.39596
334	377	2.80997
334	550	2.79199
334	552	2.04481
334	726	2.27627
334	915	3.23359
334	922	3.67443
334	948	3.40548
335	7	2.78959
335	348	2.13723
335	499	2.40497
335	642	3.118
335	719	2.21003
335	769	2.49522
335	961	3.81812
335	964	3.64581
336	204	2.52728
336	237	1.89255
336	390	2.69359
336	412	2.89468
336	463	2.45111
336	733	3.64188
336	812	3.34277
336	992	3.18393
337	2	2.33078
337	40	1.97846
337	57	1.70511
337	323	2.54845
337	499	4.02179
337	921	3.27094
337	939	2.95868
337	954	3.82844
338	134	2.64978
338	349	2.36244
338	688	2.10963
338	835	2.58372
338	860	2.97871
338	970	3.12074
338	972	3.32276
338	994	3.50872
339	70	2.20176
339	218	2.52606
339	309	2.33707
339	370	2.46389
339	607	2.93384
339	806	3.17149
339	956	3.28793
339	969	3.71424
340	97	2.09369
340	530	2.53344
340	580	2.89897
340	665	2.99735
340	801	2.79574
340	963	3.06526
340	975	3.32387
340	980	2.95879
341	10	2.85156
341	153	3.69444
341	156	2.19432
341	219	2.64785
341	365	2.45444
341	371	2.96451
341	462	2.54877
341	781	3.26535
342	116	2.84717
342	547	2.73799
342	555	2.49735
342	576	2.21215
342	764	3.0351
342	774	3.22608
342	828	2.9069
342	874	3.17084
343	159	3.03751
343	426	2.63684
343	481	1.72725
343	491	2.5502
343	704	2.8148
343	708	3.10112
343	830	3.5651
343	962	3.24759
344	239	1.8352
344	465	2.31597
344	605	2.17619
344	632	2.60403
344	726	3.54941
344	729	2.63815
344	859	3.7647
344	945	3.75226
345	250	2.71201
345	413	2.64729
345	489	2.38147
345	626	2.26496
345	639	2.69238
345	654	3.32094
345	763	3.5593
345	804	3.03525
346	277	2.63147
346	348	2.06989
346	423	3.38298
346	434	2.39661
346	528	3.22619
346	743	2.51986
346	960	3.24901
346	999	3.15454
347	12	2.43366
347	45	2.6065
347	466	1.63118
347	697	2.96677
347	831	3.29183
347	926	2.81106
347	930	3.88404
347	988	2.98967
348	335	2.13723
