1	635	1.30389
1	763	2.29853
1	800	3.24936
1	814	2.73649
1	869	2.82888
1	875	2.82887
1	960	3.30916
2	486	2.17172
2	572	1.71322
2	711	2.76139
2	764	2.39285
2	795	2.39284
2	827	3.20157
2	958	3.89507
3	419	2.31835
3	493	1.88008
3	618	2.65837
3	715	3.42338
3	746	3.19001
3	800	2.63234
3	912	2.46557
4	332	2.60907
4	477	2.90897
4	497	1.90119
4	572	2.27698
4	677	3.07129
4	727	2.18659
4	806	3.57991
5	129	1.90207
5	275	2.89228
5	325	2.07353
5	393	2.60544
5	419	2.5695
5	711	2.71986
5	922	3.79878
6	95	1.47702
6	337	2.083
6	564	2.76692
6	735	2.9133
6	905	3.1845
6	955	3.00174
6	973	3.16229
7	46	1.85014
7	94	1.39861
7	317	2.26555
7	386	2.71572
7	429	3.72189
7	760	3.50412
7	768	3.0376
8	99	1.66836
8	386	2.40497
8	415	2.52754
8	480	1.92821
8	904	3.34162
8	909	3.49652
8	997	3.12726
9	139	2.64184
9	389	1.77329
9	433	1.87164
9	650	3.01509
9	813	2.75758
9	913	3.0785
9	969	3.42555
10	120	2.72173
10	330	2.75549
10	459	2.2571
10	529	2.08203
10	558	2.19043
10	851	2.91414
10	956	3.59617
11	342	3.6692
11	352	2.90382
11	367	2.66872
11	569	2.11471
11	573	2.333
11	864	2.04777
11	925	2.76475
12	85	3.1949
12	158	1.34227
12	432	2.20262
12	568	2.45511
12	888	2.89757
12	942	2.8457
12	954	3.61935
13	133	2.37259
13	639	2.15164
13	695	1.78932
13	810	3.224
13	815	2.97385
13	827	2.92177
13	910	3.06403
14	162	2.69433
14	278	1.84824
14	556	2.01527
14	754	2.62184
14	851	3.18901
14	882	2.77476
14	922	3.37935
15	85	2.47905
15	508	2.74732
15	553	2.29418
15	750	1.60967
15	764	4.0431
15	780	2.29384
15	960	3.06191
16	130	2.46056
16	420	3.87034
16	470	2.77655
16	523	1.67506
16	540	2.93217
16	611	2.56422
16	625	2.23042
17	140	2.30772
17	262	1.62205
17	320	2.90118
17	456	2.41081
17	702	2.41775
17	715	3.95138
17	894	2.93239
18	76	2.04964
18	237	1.91011
18	305	1.88079
18	586	2.04364
18	710	3.07703
18	836	3.43005
18	909	4.13342
19	139	3.56905
19	164	2.74646
19	529	1.91659
19	536	2.97157
19	553	2.61468
19	839	2.1454
19	959	2.58295
20	53	1.30089
20	252	2.84959
20	652	2.42212
20	698	3.46294
20	720	2.93797
20	834	2.76854
20	873	2.76857
21	57	2.23884
21	135	2.63013
21	154	2.16366
21	251	2.47789
21	373	2.77171
21	416	1.85126
21	533	4.3416
22	525	2.04588
22	547	2.64638
22	778	2.00412
22	780	2.55134
22	825	2.85048
22	836	3.09103
22	856	3.31876
23	124	2.51661
23	346	1.8173
23	398	1.54986
23	430	3.69916
23	441	2.25526
23	821	3.3121
23	954	3.37043
24	172	2.02973
24	354	2.52455
24	358	2.63204
24	574	2.52055
24	588	2.05097
24	865	3.14016
24	907	3.59942
25	489	3.0758
25	552	1.98007
25	738	2.16319
25	742	2.44491
25	798	3.18967
25	804	2.98545
25	888	2.67234
26	236	1.83709
26	643	2.02713
26	663	2.41921
26	700	3.61918
26	754	2.5235
26	812	3.23719
26	932	2.87449
27	170	1.78075
27	240	1.81551
27	441	3.16534
27	469	3.41668
27	488	3.07382
27	680	2.49872
27	728	2.78796
28	195	3.18009
28	412	2.12807
28	618	3.18146
28	711	2.62309
28	741	2.9106
28	764	2.25455
28	795	2.25454
29	363	1.75244
29	544	2.07425
29	564	2.67866
29	685	2.46943
29	812	3.36247
29	856	2.93004
29	910	3.22146
30	59	2.32973
30	129	3.02531
30	209	1.65729
30	362	2.83327
30	425	3.40242
30	524	2.49973
30	805	2.79845
31	466	2.61477
31	599	1.4971
31	600	2.26744
31	725	3.09904
31	750	3.11754
31	857	3.05955
31	906	2.88087
32	479	1.66256
32	604	2.45025
32	630	2.49476
32	650	2.6889
32	653	3.82125
32	702	2.89571
32	831	2.56263
33	508	2.3504
33	598	3.16802
33	669	1.65909
33	779	1.80775
33	827	2.8459
33	921	2.94629
33	963	3.76009
34	77	1.85813
34	436	2.03109
34	490	2.72292
34	735	2.02152
34	794	2.65493
34	819	3.81865
34	928	3.41034
35	432	2.6402
35	534	1.25186
35	808	2.61496
35	885	3.04226
35	893	2.70716
35	896	3.58072
35	981	2.68013
36	208	1.34583
36	380	2.69503
36	408	2.78071
36	632	3.24109
36	726	1.71513
36	743	3.22957
36	862	3.53667
37	113	2.52362
37	130	2.00807
37	208	3.22161
37	415	1.07627
37	469	2.85193
37	849	3.51419
37	968	3.34423
38	281	2.90705
38	306	1.97302
38	394	2.30677
38	561	2.61281
38	645	2.32094
38	773	2.78372
38	786	3.57671
39	432	2.40421
39	781	1.86577
39	890	2.65986
39	893	2.52263
39	918	2.21095
39	968	3.68339
39	997	3.18278
40	58	1.14464
40	434	2.11909
40	579	2.56313
40	789	2.87583
40	868	3.39869
40	897	3.25136
40	922	3.13292
41	742	3.13757
41	800	2.04431
41	835	2.56875
41	859	2.11803
41	919	2.52851
41	963	3.13331
41	975	2.99959
42	66	2.83602
42	327	2.60325
42	365	2.96783
42	804	3.42573
42	890	2.32939
42	893	2.19215
42	913	2.13548
43	166	2.21534
43	293	3.07479
43	337	3.98082
43	660	2.08428
43	671	2.2647
43	944	2.45561
43	947	2.45561
44	281	1.4106
44	361	3.10555
44	466	2.93296
44	633	3.10839
44	812	2.48179
44	815	2.2506
44	887	3.21985
45	607	2.62159
45	630	2.28263
45	658	3.03749
45	769	2.18503
45	794	2.17852
45	844	3.00451
45	941	3.21691
46	7	1.85014
46	118	1.87297
46	390	2.45139
46	536	2.7256
46	550	2.8338
46	670	3.47402
46	837	3.32957
47	136	1.83943
47	297	1.46965
47	511	2.54143
47	623	3.09408
47	677	3.63249
47	804	3.10877
47	845	2.842
48	233	2.66872
48	461	1.70445
48	774	2.05319
48	853	3.03664
48	873	2.37898
48	931	3.56616
48	994	3.12292
49	634	2.82934
49	639	2.82373
49	713	1.05712
49	806	3.56817
49	833	2.07554
49	937	3.07159
49	977	3.06558
50	192	1.62577
50	403	2.41744
50	675	3.47888
50	695	3.36598
50	793	2.49475
50	810	2.54987
50	948	2.63292
51	72	2.78136
51	319	1.55509
51	667	1.8904
51	774	3.0808
51	867	2.99184
51	936	3.03107
51	966	3.19446
52	127	2.4326
52	454	2.88282
52	625	1.74193
52	684	3.94649
52	687	2.68401
52	688	1.94695
52	1000	2.88728
53	20	1.30089
53	410	2.48007
53	597	3.04676
53	652	2.42205
53	834	2.76847
53	873	2.76849
53	937	3.73092
54	224	1.88586
54	391	2.66955
54	471	2.22129
54	501	2.42783
54	573	2.36052
54	925	2.79227
54	991	4.16293
55	228	2.33188
55	544	2.09889
55	563	1.50097
55	714	2.83571
55	786	2.73279
55	941	4.0957
55	997	2.93438
56	260	2.94858
56	360	1.58715
56	538	1.54052
56	829	2.30727
56	935	3.06627
56	943	3.06626
56	984	4.01924
57	21	2.23884
57	187	1.79026
57	250	1.2871
57	400	4.00076
57	489	1.77407
57	550	3.40785
57	666	4.08941
58	40	1.14464
58	228	2.36984
58	630	2.90298
58	684	2.33397
58	714	2.87367
58	716	4.02014
58	797	2.90554
59	30	2.32973
59	91	2.14502
59	201	1.90798
59	618	2.53393
59	697	2.87267
59	746	3.06556
59	923	3.67122
60	181	1.2303
60	422	2.36414
60	778	3.18248
60	787	2.68744
60	861	3.71284
60	906	2.48094
60	915	2.8772
61	137	1.18894
61	636	2.638
61	639	2.96145
61	699	3.62501
61	774	2.68498
61	867	2.59603
61	966	2.79865
62	138	1.60497
62	219	2.92746
62	581	2.69095
62	636	2.3166
62	703	2.21632
62	930	3.65766
62	948	3.12218
63	165	2.58878
63	211	2.2944
63	375	1.62806
63	440	2.7835
63	491	2.88901
63	604	2.244
63	971	4.07933
64	154	1.69287
64	271	2.12902
64	334	3.07313
64	543	2.92665
64	602	2.48771
64	745	2.95019
64	827	3.26703
65	212	2.97973
65	347	1.69641
65	608	2.80899
65	702	3.5195
65	758	2.9256
65	820	2.32839
65	990	2.27493
66	42	2.83602
66	81	2.47844
66	206	1.45831
66	396	2.12722
66	666	3.53213
66	831	3.21211
66	921	2.9121
67	493	2.66206
67	736	3.07956
67	833	1.7459
67	937	2.74195
67	977	2.73594
67	978	3.55169
67	999	2.05079
68	286	2.15958
68	294	2.25401
68	351	3.07988
68	501	1.80654
68	589	2.92818
68	804	3.04015
68	929	3.22629
69	476	2.34904
69	648	1.92813
69	673	3.64824
69	674	1.92813
69	756	2.43681
69	842	2.96709
69	891	3.26576
70	142	3.16942
70	481	2.54507
70	546	1.8033
70	628	3.03515
70	687	1.95651
70	790	2.46514
70	946	3.57337
71	127	0.89195
71	400	5.1072
71	446	2.31178
71	489	2.8805
71	533	1.30343
71	960	2.82606
71	999	3.27449
72	51	2.78136
72	362	3.18247
72	588	1.88917
72	655	3.29238
72	802	2.11019
72	824	2.78686
72	901	2.47398
73	223	1.34314
73	381	2.52173
73	432	2.95424
73	457	2.26696
73	765	2.24333
73	845	3.15154
73	857	4.04094
74	716	2.35569
74	732	3.15967
74	754	3.11025
74	844	2.25682
74	904	2.97949
74	941	2.46922
74	955	2.17877
75	233	1.65875
75	393	2.1993
75	394	2.07143
75	632	2.29826
75	885	3.26106
75	896	3.79952
75	970	3.19424
76	18	2.04964
76	464	2.87482
76	589	2.80794
76	657	2.6374
76	728	1.9049
76	909	2.66827
76	938	3.553
77	34	1.85813
77	513	2.12288
77	761	3.25531
77	786	2.09624
77	879	1.82275
77	963	3.218
77	988	4.15144
78	469	1.49176
78	526	2.63154
78	681	4.02537
78	783	1.65761
78	853	2.30778
78	931	2.8373
78	972	3.60062
79	125	3.03176
79	272	2.50395
79	515	2.40003
79	570	3.74479
79	577	2.22413
79	677	2.0638
79	806	2.57243
80	115	2.15723
80	376	1.76986
80	383	1.2957
80	640	2.91972
80	797	2.79233
80	884	3.40516
80	926	4.18249
81	66	2.47844
81	560	2.20819
81	632	3.39305
81	743	3.38153
81	790	1.59634
81	927	2.67702
81	982	2.80106
82	323	1.51007
82	612	2.91357
82	673	3.07867
82	723	2.19898
82	724	3.39996
82	762	2.44561
82	837	2.95136
83	150	2.73043
83	368	1.43803
83	722	2.03344
83	795	3.49023
83	855	3.02998
83	938	3.15405
83	990	2.63272
84	178	1.67598
84	351	2.82617
84	430	3.69569
84	461	2.39084
84	466	2.42353
84	541	2.69603
84	943	2.76769
85	12	3.1949
85	15	2.47905
85	342	2.1804
85	346	3.16478
85	418	2.89409
85	675	2.0714
85	746	2.52212
86	690	2.40218
86	742	2.07622
86	793	2.38497
86	840	3.38678
86	931	2.13864
86	992	2.6652
86	996	3.51129
87	273	1.78526
87	280	2.18713
87	357	2.49438
87	652	2.85568
87	797	2.83592
87	834	3.2021
87	873	3.20212
88	124	1.93908
88	223	2.97828
88	233	1.69322
88	238	2.64769
88	600	2.41144
88	688	3.56565
88	812	3.20871
89	319	2.62756
89	469	3.69824
89	554	2.71736
89	700	1.4695
89	727	2.87873
89	819	2.78576
89	928	2.37745
90	484	1.48643
90	618	1.76497
90	713	2.6945
90	718	2.8042
90	749	3.04633
90	813	3.29848
90	899	3.4095
91	59	2.14502
91	203	2.60991
91	286	1.90774
91	296	2.33484
91	539	2.61237
91	834	3.46263
91	873	3.46265
92	248	2.02442
92	635	1.30389
92	763	2.29853
92	850	3.22135
92	869	2.82888
92	875	2.82887
92	979	4.02016
93	182	1.50822
93	474	1.57502
93	514	2.31846
93	562	2.51302
93	944	3.37352
93	947	3.37352
93	968	3.83048
94	7	1.39861
94	285	2.76584
94	377	1.24407
94	446	3.31241
94	559	3.16258
94	893	2.83277
94	984	3.78473
95	6	1.47702
95	349	3.73379
95	397	2.59538
95	453	1.74234
95	566	2.27634
95	614	3.1699
95	852	3.49437
96	292	0.984551
96	342	1.12245
96	780	2.28437
96	839	1.81543
96	869	4.66088
96	882	4.59824
96	960	3.05244
97	254	1.86359
97	280	2.6483
97	715	1.92923
97	775	2.91333
97	892	3.42383
97	913	2.57428
97	968	3.18727
98	266	1.40051
98	284	2.6434
98	656	1.56545
98	664	2.8728
98	687	3.76853
98	953	2.75715
98	963	3.53614
99	8	1.66836
99	294	1.70893
99	415	4.16435
99	451	2.3524
99	489	2.0947
99	521	3.11441
99	548	3.43097
100	453	2.6616
100	530	1.56103
100	628	2.46239
100	793	1.86394
100	840	2.86575
100	946	4.13159
100	996	2.99026
101	178	1.41283
101	387	2.69775
101	623	2.98425
101	731	1.87674
101	732	2.66671
101	922	3.28459
101	984	3.61247
102	192	2.25702
102	295	2.86982
102	349	3.21069
102	529	1.92905
102	604	2.24771
102	726	1.84724
102	757	4.13332
103	622	2.47505
103	807	2.56959
103	970	2.57813
103	981	2.56334
103	984	4.22352
103	985	2.26518
103	988	1.85376
104	351	2.1935
104	361	1.50528
104	576	2.60403
104	648	2.94554
104	797	3.1723
104	856	3.06105
104	980	3.02669
105	406	1.1544
105	681	3.28587
105	747	2.22683
105	947	2.63461
105	965	2.22563
105	981	3.66578
105	985	3.36763
106	212	2.92114
106	468	3.20385
106	566	3.06254
106	574	2.98081
106	624	1.86719
106	820	2.2698
106	990	2.21634
107	344	2.37171
107	348	1.78933
107	654	3.12063
107	701	2.04903
107	823	2.48135
107	895	3.76867
107	908	2.94061
108	159	1.59481
108	422	1.68066
108	599	2.72148
108	825	4.41332
108	847	1.45933
108	861	1.7977
108	980	4.84723
109	374	2.28424
109	678	2.45135
109	828	3.44942
109	850	2.3578
109	855	3.36099
109	883	1.95825
109	997	2.65907
110	513	2.43343
110	522	1.84738
110	616	2.49525
110	621	2.32488
110	766	3.63501
110	876	3.20245
110	903	2.59237
111	301	2.48314
111	357	3.10851
111	547	1.32104
111	915	2.74105
111	947	3.694
111	961	2.3891
111	991	2.80964
112	155	2.03109
112	252	2.97906
112	458	1.13443
112	460	2.49544
112	809	2.74792
112	933	2.90123
112	957	4.24956
113	37	2.52362
113	149	1.39216
113	270	2.21812
113	573	1.72373
113	681	4.22449
113	683	3.31851
113	992	3.12685
114	197	1.67993
114	309	1.64321
114	520	2.0036
114	579	3.17779
114	651	2.95188
114	788	2.66123
114	961	4.4112
115	80	2.15723
115	468	2.47166
115	524	2.81435
115	640	1.68432
115	808	3.47099
115	926	2.9471
115	952	2.98674
116	252	2.24677
116	595	2.82173
116	648	2.47215
116	840	2.05864
116	926	2.14721
116	950	2.57334
116	986	4.19117
117	125	2.05646
117	166	1.00063
117	432	2.41232
117	539	3.08516
117	704	3.10271
117	857	3.49902
117	896	3.35284
118	46	1.87297
118	239	2.94019
118	299	2.09276
118	500	2.33821
118	528	2.32727
118	582	3.01871
118	993	3.97136
119	468	3.09391
119	525	3.1551
119	535	3.00143
119	631	1.5871
119	915	2.65211
119	961	2.30016
119	991	2.7207
120	10	2.72173
120	256	1.34911
120	314	3.52138
120	407	3.02474
120	594	2.24783
120	733	2.54216
120	863	3.11689
121	219	1.75738
121	559	2.21433
121	629	2.22562
121	680	2.31315
121	697	3.44302
121	784	2.53867
121	991	4.06102
122	372	1.9266
122	487	1.76186
122	488	3.21826
122	759	2.58378
122	799	2.81823
122	864	3.22945
122	992	2.98589
123	143	3.11456
123	423	2.26465
123	445	3.17217
123	486	1.45168
123	581	2.98898
123	769	2.66951
123	895	2.87202
124	23	2.51661
124	88	1.93908
124	329	1.45155
124	496	3.62375
124	568	3.1243
124	591	2.55026
124	701	3.31587
125	79	3.03176
125	117	2.05646
125	365	1.9527
125	378	1.74071
125	415	3.45754
125	516	2.21283
125	997	4.05726
126	212	1.62904
126	214	2.41147
126	280	2.13056
126	888	2.83029
126	929	3.63355
126	972	3.21406
126	983	2.71399
127	52	2.4326
127	71	0.89195
127	605	2.41749
127	667	3.56827
127	684	3.26682
127	759	2.58883
127	978	3.37187
128	424	1.60775
128	465	2.33049
128	548	3.39001
128	712	3.54295
128	900	2.68458
128	932	2.82078
128	970	2.18324
129	5	1.90207
129	30	3.02531
129	278	2.0137
129	493	3.08653
129	595	2.54716
129	761	3.14854
129	869	2.76436
130	16	2.46056
130	37	2.00807
130	244	2.34195
130	694	2.11648
130	794	2.33956
130	905	3.92593
130	925	3.31664
131	161	1.37216
131	752	2.43874
131	837	3.31439
131	922	3.50418
131	970	2.87565
131	981	2.86086
131	988	2.15128
132	297	2.49949
132	746	2.02827
132	776	2.00986
132	838	3.28803
132	920	2.98236
132	952	2.98986
132	957	2.68627
133	13	2.37259
133	455	1.59826
133	651	2.83147
133	765	2.72926
133	818	2.36042
133	868	2.56648
133	933	4.06476
134	154	3.11956
134	262	3.2039
134	513	2.94274
134	648	1.92813
134	674	1.92813
134	756	2.43681
134	842	2.96709
135	21	2.63013
135	250	1.67839
135	400	4.39205
135	408	3.20823
135	533	0.588285
135	572	3.04442
135	830	2.97256
136	47	1.83943
136	147	2.59005
136	294	2.58486
136	297	1.73189
136	346	2.84224
136	833	3.86058
136	845	3.10424
137	61	1.18894
137	478	2.27935
137	867	2.79437
137	907	2.92178
137	927	3.05389
137	932	3.31345
137	966	2.99698
138	62	1.60497
138	204	2.94364
138	505	1.73376
138	703	2.50741
138	875	2.73957
138	948	3.41327
138	965	3.6199
139	9	2.64184
139	19	3.56905
139	241	1.91293
139	270	2.25161
139	309	3.02004
139	487	1.93631
139	992	3.16034
140	17	2.30772
140	258	2.53945
140	302	1.86665
140	416	2.92174
140	532	2.76957
140	686	2.09003
140	711	4.04364
141	177	2.34719
141	218	1.55305
141	247	2.90727
141	285	1.87788
141	590	3.14476
141	805	4.0055
141	906	2.72491
142	70	3.16942
142	500	2.9923
142	639	2.1744
142	871	3.08619
142	892	2.33095
142	965	2.60538
142	976	2.14897
143	123	3.11456
143	404	2.5784
143	417	2.22417
143	563	3.55817
143	878	2.54212
143	950	2.21824
143	955	2.28887
144	322	2.30536
144	337	2.18755
144	387	2.52674
144	467	2.18252
144	548	2.30709
144	692	3.79357
144	866	3.30778
145	430	1.7671
145	484	2.82859
145	516	2.80658
145	604	2.25885
145	606	2.91213
145	650	2.4975
145	859	3.4818
146	231	1.44547
146	324	2.67892
146	486	1.91412
146	645	3.24176
146	710	2.6369
146	728	2.92993
146	909	3.69329
147	136	2.59005
147	356	1.82207
147	595	2.91041
147	644	1.82711
147	742	3.74503
147	911	2.95044
147	994	2.65999
148	201	3.34751
148	313	1.72785
148	615	2.31309
148	706	2.36688
148	711	2.24451
148	772	2.36694
148	971	4.18702
149	113	1.39216
149	759	2.72298
149	777	2.76236
149	782	3.18924
149	803	2.99028
149	828	3.10531
149	849	2.38272
150	83	2.73043
150	473	2.52988
150	689	1.46197
150	829	2.94621
150	831	2.88304
150	895	2.3229
150	997	3.65833
151	220	2.17458
151	491	2.69849
151	582	2.2914
151	654	1.93038
151	768	4.34147
151	862	1.84418
151	993	3.24405
152	258	2.56782
152	289	1.39863
152	382	1.71509
152	407	2.44325
152	457	2.8008
152	644	3.86256
152	646	3.7082
153	319	1.7294
153	403	2.4175
153	567	2.29996
153	672	3.47886
153	695	3.36604
153	776	2.78179
153	838	2.41704
154	21	2.16366
154	64	1.69287
154	134	3.11956
154	322	1.83974
154	745	2.72385
154	933	3.00359
154	982	3.98696
155	112	2.03109
155	360	2.44092
155	435	3.00141
155	661	1.82899
155	935	3.78431
155	957	2.36307
155	986	3.03698
156	199	2.44556
156	254	2.90076
156	346	2.26951
156	428	1.65666
156	429	3.11526
156	737	3.90562
156	969	2.2256
157	350	1.07166
157	421	2.19829
157	633	2.36624
157	656	3.16049
157	659	3.14658
157	784	2.84386
157	968	3.74339
158	12	1.34227
158	634	2.28251
158	694	2.78383
158	769	3.0327
158	838	3.55552
158	843	2.67243
158	993	2.80766
159	108	1.59481
159	384	1.70623
159	779	1.87592
159	848	4.19813
159	872	3.46986
159	921	3.01446
159	934	2.66368
160	672	1.66665
160	688	2.10493
160	785	2.29912
160	937	3.32324
160	977	3.31723
160	986	3.19161
160	999	2.63208
161	131	1.37216
161	542	1.8894
161	554	2.21945
161	603	2.56376
161	703	2.61278
161	970	4.3063
161	988	3.58193
162	14	2.69433
162	448	2.44096
162	454	1.70998
162	476	2.77969
162	567	1.70938
162	667	3.0751
162	914	4.12816
163	243	2.52252
163	380	1.94038
163	626	2.72915
163	765	3.34498
163	862	2.78202
163	868	3.1822
163	919	2.08742
164	19	2.74646
164	517	1.97294
164	590	1.91204
164	831	3.4663
164	842	3.05173
164	889	2.82597
164	979	2.54942
165	63	2.58878
165	428	2.84432
165	461	3.4907
165	510	3.19112
165	682	1.74741
165	755	2.25853
165	848	2.41195
166	43	2.21534
166	117	1.00063
166	681	3.25003
166	726	2.88595
166	740	2.74762
166	878	2.80759
166	983	3.6265
167	380	2.8069
167	477	1.40409
167	506	3.51051
167	663	2.75943
167	751	2.02066
167	835	3.07469
167	920	3.00362
168	249	2.41136
168	272	2.92778
168	329	2.95302
168	373	1.86173
168	416	3.38436
168	554	2.47317
168	801	2.51548
169	338	1.1578
169	444	2.51272
169	551	2.2317
169	578	3.8545
169	653	3.08065
169	733	3.17395
169	879	2.51527
170	27	1.78075
170	222	1.45608
170	471	3.01456
170	503	3.31931
170	511	2.73821
170	680	2.70401
170	857	3.52849
171	199	1.41113
171	335	2.09857
171	463	2.19791
171	483	3.37649
171	540	3.66231
171	737	2.87119
171	801	2.87124
172	24	2.02973
172	285	2.76584
172	446	3.31241
172	543	2.4854
172	552	1.97562
172	559	3.16258
172	824	2.76321
173	246	2.66763
173	326	2.52785
173	507	1.98479
173	596	1.7267
173	900	2.53656
173	971	4.05826
173	982	3.01254
174	286	3.13503
174	297	2.37648
174	576	2.00408
174	764	1.93796
174	792	2.29653
174	845	3.74884
174	961	3.0358
175	320	2.26696
175	571	2.95764
175	800	2.59696
175	809	3.05231
175	817	2.17036
175	964	3.26779
175	985	2.27057
176	528	2.52679
176	641	2.06079
176	706	2.06078
176	772	3.0764
176	785	2.5694
176	814	2.56939
176	948	3.67656
177	141	2.34719
177	272	1.88088
177	510	3.06774
177	613	2.39506
177	697	3.21808
177	805	2.63699
177	858	2.9767
178	84	1.67598
178	101	1.41283
178	186	2.38786
178	284	3.75096
178	545	3.12523
178	781	3.24542
178	937	2.93161
179	207	1.26845
179	244	2.45162
179	308	3.51981
179	531	2.7475
179	633	2.34486
179	655	2.98557
179	850	3.19421
180	206	2.55952
180	333	2.46294
180	422	1.62535
180	498	2.21639
180	778	2.4437
180	861	2.97405
180	912	4.20277
181	60	1.2303
181	328	2.13635
181	789	2.7608
181	915	3.18145
181	923	3.12708
181	961	2.8295
181	991	3.25004
182	93	1.50822
182	234	2.83535
182	302	2.13896
182	393	2.65982
182	559	2.91071
182	798	3.50662
182	864	2.96365
183	293	2.64956
183	535	1.63956
183	627	3.26498
183	740	3.34739
183	894	2.26397
183	917	2.76563
183	946	2.59149
184	188	2.75464
184	213	2.52105
184	775	3.04435
184	901	2.17911
184	906	3.46142
184	924	2.1966
184	988	2.41597
185	257	2.88396
185	309	2.76176
185	413	1.87457
185	692	3.54202
185	723	2.23063
185	902	2.27498
185	989	2.87979
186	178	2.38786
186	273	1.411
186	348	2.47471
186	528	3.03827
186	753	3.23616
186	809	3.75288
186	972	2.22465
187	57	1.79026
187	512	1.68682
187	644	2.89193
187	769	2.72771
187	892	2.8905
187	940	3.02313
187	967	3.50948
188	184	2.75464
188	302	1.53338
188	681	2.898
188	775	3.60738
188	825	2.58325
188	860	2.54423
188	888	2.59781
189	400	1.97018
189	514	1.48174
189	758	2.41618
189	772	2.41616
189	858	3.31956
189	859	3.9446
189	872	2.94645
190	517	1.72085
190	738	2.71991
190	805	3.08165
190	830	2.66837
190	889	2.57389
190	924	3.47647
190	979	2.29733
191	506	2.64588
191	537	2.59193
191	590	2.28546
191	698	2.68355
191	793	2.31257
191	829	3.9867
191	896	2.10404
192	50	1.62577
192	102	2.25702
192	200	1.77852
192	748	2.28113
192	759	3.66575
192	951	3.97889
192	998	2.94374
193	256	2.40699
193	263	1.2243
193	303	2.88993
193	361	3.08555
193	761	3.9307
193	810	2.48074
193	812	2.46179
194	232	2.20901
194	526	2.1217
194	527	2.10105
194	887	2.78488
194	920	2.87244
194	940	2.95071
194	967	3.43706
195	28	3.18009
195	427	1.26446
195	507	2.13887
195	646	2.29042
195	900	2.69063
195	971	3.78664
195	982	3.16661
196	221	1.23968
196	502	2.41502
196	697	2.71755
196	761	3.13614
196	865	2.57312
196	881	3.39546
196	907	3.03238
197	114	1.67993
197	624	2.66368
197	763	2.56583
197	820	3.06629
197	824	2.47545
197	827	2.53803
197	938	3.53416
198	503	1.44807
198	568	2.15413
198	653	2.68303
198	692	2.22181
198	718	2.98588
198	825	3.38753
198	899	3.59119
199	156	2.44556
199	171	1.41113
199	508	2.40032
199	657	2.90287
199	722	3.96427
199	737	2.447
199	916	2.95716
200	192	1.77852
200	334	1.69456
200	429	2.4418
200	748	3.79149
200	817	3.6899
200	867	2.49288
200	994	2.64496
201	59	1.90798
201	148	3.34751
201	243	3.21026
201	313	2.7007
201	547	2.34053
201	638	2.15725
201	781	2.84635
202	452	1.44529
202	592	3.21751
202	617	3.01621
202	738	3.03963
202	803	2.27755
202	860	2.83361
202	927	2.7038
203	91	2.60991
203	366	2.57716
203	470	1.62173
203	592	2.38588
203	643	2.20422
203	932	3.05158
203	962	4.06227
204	138	2.94364
204	398	3.10401
204	421	1.73642
204	659	2.6847
204	708	2.45715
204	784	2.38199
204	925	3.17634
205	239	1.93004
205	564	2.70162
205	615	2.15976
205	768	2.51367
205	810	3.40439
205	815	3.15424
205	856	2.62423
206	66	1.45831
206	180	2.55952
206	408	1.91254
206	500	2.04488
206	831	3.84457
206	865	3.36717
206	960	3.3586
207	179	1.26845
207	518	2.48537
207	633	2.42011
207	694	2.3014
207	850	3.26946
207	915	3.53167
207	938	3.24516
208	36	1.34583
208	37	3.22161
208	241	2.57743
208	330	1.82005
208	459	2.43916
208	777	3.46211
208	868	3.64632
209	30	1.65729
209	251	2.4261
209	415	3.35057
209	443	1.848
209	453	3.14285
209	712	2.77014
209	981	3.32385
210	483	2.55834
210	571	2.0162
210	638	2.19165
210	846	3.03665
210	935	2.24174
210	995	3.66535
210	996	2.8106
211	63	2.2944
211	213	3.62223
211	313	1.75529
211	366	2.18411
211	491	3.02415
211	668	2.59629
211	905	3.08916
212	65	2.97973
212	106	2.92114
212	126	1.62904
212	291	3.35559
212	363	2.66647
212	463	1.62739
212	962	3.31458
213	184	2.52105
213	211	3.62223
213	290	1.73081
213	355	3.09251
213	399	2.51059
213	649	2.72247
213	808	2.29633
214	126	2.41147
214	374	2.82153
214	478	1.59549
214	545	2.15943
214	710	2.27899
214	753	4.69046
214	826	2.54717
215	397	1.9467
215	578	1.70853
215	649	2.14407
215	653	3.47078
215	752	2.58614
215	826	3.41563
215	942	3.25842
216	217	1.29649
216	420	2.07964
216	476	3.3887
216	555	2.19659
216	638	2.40715
216	667	3.68411
216	932	3.49604
217	216	1.29649
217	290	1.67528
217	409	3.20471
217	500	2.41571
217	691	3.34031
217	770	3.5065
217	911	3.09446
218	141	1.55305
218	317	2.23578
218	490	2.37107
218	525	2.39144
218	545	2.68519
218	843	3.06199
218	972	4.20471
219	62	2.92746
219	121	1.75738
219	527	2.78472
219	631	1.95084
219	697	2.46645
219	883	3.53281
219	991	3.08445
220	151	2.17458
220	411	3.26645
220	711	2.33874
220	751	2.73204
220	782	2.10627
220	800	3.26164
220	848	2.66285
221	196	1.23968
221	544	2.41501
221	585	2.73513
221	662	3.4715
221	675	3.06026
221	865	2.57312
221	907	3.03237
222	170	1.45608
222	376	2.83225
222	441	2.84068
222	503	2.78935
222	643	3.6679
222	667	2.74581
222	680	2.17405
223	73	1.34314
223	88	2.97828
223	571	2.93321
223	702	3.37105
223	719	2.5993
223	855	2.11746
223	892	3.20141
224	54	1.88586
224	561	1.64024
224	678	2.49945
224	700	2.73439
224	762	3.29392
224	802	2.41278
224	925	4.08037
225	575	2.28467
225	584	1.84195
225	629	2.84299
225	674	2.73956
225	860	2.4195
225	949	2.97912
225	973	3.43803
226	347	1.69009
226	394	2.6903
226	583	3.05501
226	727	3.50113
226	813	2.79737
226	899	2.35444
226	907	2.43317
227	301	2.00455
227	373	2.86226
227	673	1.74128
227	826	2.83682
227	841	2.50804
227	932	3.91254
227	942	2.67961
228	55	2.33188
228	58	2.36984
228	487	3.34225
228	570	3.04372
228	611	1.94565
228	621	2.89503
228	844	2.61184
229	238	2.73142
229	434	2.82094
229	531	1.3016
229	551	2.1884
229	688	3.64938
229	743	3.50192
229	788	2.24519
230	332	2.31969
230	678	2.02597
230	729	2.10194
230	737	2.94454
230	855	2.9356
230	951	2.19788
230	961	4.0195
231	146	1.44547
231	243	2.46333
231	366	2.38259
231	384	2.30532
231	762	2.44156
231	860	3.05025
231	971	4.41293
232	194	2.20901
232	626	1.87082
232	629	3.24648
232	765	2.48665
232	793	3.83935
232	818	2.11781
232	871	2.77989
233	48	2.66872
233	75	1.65875
233	88	1.69322
233	324	2.58393
233	495	2.88807
233	853	3.69791
233	894	3.34411
234	182	2.83535
234	512	2.26369
234	549	2.52776
234	589	2.52359
234	637	3.03272
234	646	1.94223
234	798	3.3987
235	605	2.29733
235	663	2.20106
235	835	2.51632
235	859	2.0656
235	884	3.59253
235	919	2.47608
235	958	3.38506
236	26	1.83709
236	244	2.65695
236	530	1.73613
236	587	2.32908
236	592	3.55447
236	715	2.52706
236	754	3.86918
237	18	1.91011
237	300	2.15645
237	528	2.46903
237	714	3.21792
237	717	2.04224
237	862	2.71325
237	927	4.01835
237	993	4.11312
238	88	2.64769
238	229	2.73142
238	393	2.50196
238	702	3.04046
238	821	2.05198
238	884	3.60741
238	960	3.18903
238	964	2.91277
239	118	2.94019
239	205	1.93004
239	290	2.86487
239	317	2.39787
239	483	2.21649
239	821	3.37537
239	847	3.57741
239	995	3.3235
240	27	1.81551
240	420	2.3331
240	441	3.40539
240	503	3.35407
240	612	2.65061
240	680	2.73877
240	812	3.09196
240	901	3.2574
241	139	1.91293
241	208	2.57743
241	379	2.54625
241	679	3.23456
241	759	3.21027
241	858	2.24015
241	926	3.28363
241	992	3.61238
242	338	2.60368
242	699	2.12817
242	734	2.92698
242	806	2.41168
242	876	3.27953
242	893	2.77682
242	918	3.20243
242	926	3.30402
243	163	2.52252
243	201	3.21026
243	231	2.46333
243	309	3.348
243	313	1.59061
243	372	2.80207
243	400	2.56749
243	971	4.04978
244	130	2.34195
244	179	2.45162
244	236	2.65695
244	485	2.22665
244	540	2.81356
244	628	2.19549
244	794	3.70764
244	818	4.23337
245	567	2.83658
245	586	2.46518
245	605	2.87288
245	637	3.01842
245	646	2.25284
245	768	2.33311
245	880	3.6432
245	945	3.17108
246	173	2.66763
246	351	2.7634
246	509	2.7721
246	580	2.5831
246	613	2.40842
246	792	3.46637
246	811	2.71424
246	886	3.24453
247	141	2.90727
247	314	2.11553
247	357	2.25427
247	613	2.95513
247	709	3.25274
247	805	3.19706
247	845	3.11374
247	970	2.84431
248	92	2.02442
248	428	3.26679
248	685	3.17014
248	773	2.48112
248	798	2.68005
248	802	2.73383
248	848	2.83442
248	889	3.43329
249	168	2.41136
249	254	2.79813
249	279	3.13313
249	352	2.96524
249	576	2.57153
249	734	3.08681
249	832	2.74642
249	837	2.90235
250	57	1.2871
250	135	1.67839
250	340	2.26945
250	455	3.67451
250	489	4.96693
250	533	3.38986
250	608	2.59403
250	723	2.75424
251	21	2.47789
251	209	2.4261
251	464	1.32121
251	467	2.88381
251	578	3.38521
251	698	3.52146
251	863	3.2794
251	975	3.32938
252	20	2.84959
252	112	2.97906
252	116	2.24677
252	337	3.06234
252	496	2.0254
252	661	2.77696
252	840	3.39576
252	957	3.31104
253	361	2.0862
253	517	2.75859
253	615	3.18914
253	822	2.30751
253	833	2.57065
253	905	3.28615
253	937	3.56671
253	999	2.87555
254	97	1.86359
254	156	2.90076
254	249	2.79813
254	409	2.20601
254	535	2.78198
254	626	2.84242
254	913	3.81344
254	916	3.41236
255	468	2.20558
255	504	2.4802
255	510	2.43891
255	592	2.71958
255	880	2.53919
255	936	3.27205
255	958	3.12924
255	973	3.864
256	120	1.34911
256	193	2.40699
256	389	1.85662
256	435	2.64528
256	575	2.4976
256	578	3.68884
256	975	3.63301
256	990	4.58591
257	185	2.88396
257	344	2.5499
257	469	2.52653
257	471	1.80244
257	506	3.59167
257	526	3.66631
257	565	2.57245
257	846	3.08319
258	140	2.53945
258	152	2.56782
258	302	3.1902
258	333	2.13865
258	479	2.95639
258	686	3.41358
258	697	2.51462
258	921	3.27629
259	402	2.69851
259	517	3.07415
259	534	2.52122
259	660	2.80512
259	697	2.71498
259	757	2.65261
259	817	2.68769
259	998	3.45188
260	56	2.94858
260	337	2.14681
260	341	2.18877
260	343	2.23565
260	381	2.23565
260	575	2.55666
260	730	3.96132
260	916	4.38712
261	368	2.2272
261	371	2.40405
261	440	3.18627
261	469	3.53314
261	705	2.98469
261	878	2.64821
261	949	2.61094
261	973	3.06984
262	17	1.62205
262	134	3.2039
262	269	2.10373
262	328	2.29227
262	622	2.89817
262	782	3.20401
262	903	2.91912
262	968	4.37135
263	193	1.2243
263	515	2.41791
263	608	2.42786
263	727	2.76938
263	810	3.42369
263	812	3.40473
263	910	3.26372
263	978	3.71804
264	281	2.49059
264	430	2.67174
264	566	2.66293
264	625	2.47968
264	665	2.27594
264	744	2.8437
264	751	3.88481
264	912	3.32713
265	310	2.45445
265	494	2.95293
265	602	2.87585
265	753	1.95071
265	823	3.00544
265	832	2.9689
265	852	2.93758
265	958	3.50074
266	98	1.40051
266	364	2.34356
266	462	2.35626
266	513	3.29072
266	639	3.19139
266	869	3.37047
266	953	3.60685
266	978	3.01507
267	419	3.50387
267	470	2.01808
267	482	2.39876
267	643	2.60057
267	672	2.72242
267	749	2.6919
267	882	3.24986
267	932	3.44793
268	399	1.56277
268	442	2.5394
268	578	1.9307
268	612	2.44681
268	668	3.66105
268	774	3.8742
268	867	3.78525
268	886	2.82277
269	262	2.10373
269	434	1.78565
269	449	3.04488
269	571	3.09041
269	736	3.00696
269	840	2.82127
269	865	3.4101
269	964	3.40057
270	113	2.21812
270	139	2.25161
270	372	2.89177
270	550	3.09003
270	570	2.77337
270	624	2.60338
270	782	2.87854
270	992	3.95106
271	64	2.12902
271	284	2.72641
271	598	2.7789
271	602	2.69753
271	665	3.04729
271	875	2.59164
271	933	3.43974
271	975	3.23725
272	79	2.50395
272	168	2.92778
272	177	1.88088
272	357	2.5964
272	613	3.29726
272	645	2.89249
272	805	3.53919
272	895	2.98519
273	87	1.78526
273	186	1.411
273	439	3.40308
273	523	2.50597
273	545	2.14836
273	929	4.08737
273	965	3.62385
273	972	3.66788
274	374	2.63277
274	425	1.52134
274	524	2.33401
274	659	1.97725
274	815	2.46092
274	911	3.01539
274	917	4.45492
274	984	4.22421
275	5	2.89228
275	339	2.50447
275	470	2.84199
275	615	2.52734
275	622	2.27822
275	666	3.30579
275	922	3.38948
275	967	2.90038
276	354	2.43031
276	407	2.26877
276	588	2.37761
276	754	3.11164
276	824	3.2753
276	848	2.69922
276	850	3.49439
276	901	2.96242
277	374	2.9012
277	634	2.43435
277	721	3.04283
277	742	2.95582
277	744	2.81905
277	766	2.74063
277	789	2.55414
277	888	3.18324
278	14	1.84824
278	129	2.0137
278	468	2.11302
278	556	3.17543
278	617	2.50577
278	718	3.38375
278	754	3.78199
278	884	3.82252
279	249	3.13313
279	352	2.39945
279	406	1.95696
279	409	2.54101
279	560	2.93548
279	590	3.37233
279	721	3.09458
279	737	3.2372
280	87	2.18713
280	97	2.6483
280	126	2.13056
280	408	3.76829
280	423	2.22351
280	457	3.19815
280	676	2.77844
280	968	3.6639
281	38	2.90705
281	44	1.4106
281	264	2.49059
281	435	2.75178
281	564	2.88722
281	810	3.58998
281	882	3.16101
281	910	3.43002
282	488	3.21986
282	507	2.017
282	595	2.27181
282	661	2.43326
282	799	2.81983
282	917	3.27442
282	957	2.96735
282	986	3.64125
283	298	2.18445
283	321	1.88719
283	382	1.86222
283	830	3.29744
283	889	3.20296
283	928	2.41593
283	979	2.9264
283	990	4.89497
284	98	2.6434
284	178	3.75096
284	271	2.72641
284	389	1.80031
284	490	1.75412
284	628	1.95776
284	879	3.98145
284	929	4.00724
285	94	2.76584
285	141	1.87788
285	172	2.76584
285	312	2.34932
285	487	3.33444
285	637	2.71135
285	798	3.07732
285	860	3.74911
286	68	2.15958
286	91	1.90774
286	174	3.13503
286	501	2.52616
286	614	2.74615
286	699	3.34001
286	845	3.493
286	898	3.30153
287	298	2.79193
287	651	2.38088
287	653	2.38941
287	718	2.69227
287	741	2.19041
287	749	2.93439
287	833	3.98942
287	899	3.29757
288	329	1.94089
288	426	1.67989
288	678	2.57575
288	710	3.08952
288	816	3.02357
288	828	3.57381
288	855	3.48538
288	887	3.24181
289	152	1.39863
289	451	2.03466
289	487	2.76545
289	601	2.61281
289	642	1.92352
289	646	5.26662
289	743	3.81581
289	953	2.79731
290	213	1.73081
290	217	1.67528
290	239	2.86487
290	402	2.22082
290	649	3.89408
290	662	2.9913
290	808	3.46795
290	976	3.79126
291	212	3.35559
291	438	3.17834
291	481	2.73655
291	484	2.34756
291	722	2.0515
291	770	3.07839
291	796	2.6908
291	938	3.17211
292	96	0.984551
292	372	1.62246
292	660	3.06879
292	699	3.68327
292	731	2.87693
292	750	2.74142
292	959	3.3942
292	960	4.19366
293	43	3.07479
293	183	2.64956
293	307	2.21232
293	572	2.628
293	669	2.37794
293	763	2.95393
293	921	3.66513
293	930	3.05594
294	68	2.25401
294	99	1.70893
294	136	2.58486
294	452	3.01888
294	501	2.62059
294	547	3.10907
294	804	3.8542
294	835	3.45822
295	102	2.86982
295	309	2.18391
295	325	3.06897
295	623	3.1201
295	731	2.89245
295	748	2.89392
295	757	2.75726
295	817	2.79233
296	91	2.33484
296	379	2.54382
296	614	2.58987
296	652	2.76192
296	713	3.41762
296	752	2.7198
296	834	3.10834
296	873	3.10837
297	47	1.46965
297	132	2.49949
297	136	1.73189
297	174	2.37648
297	586	4.03861
297	804	3.00123
297	845	2.73446
297	913	4.77963
298	283	2.18445
298	287	2.79193
298	394	2.79012
298	654	3.53415
298	662	2.26801
298	887	3.1338
298	924	2.95597
298	945	2.95597
299	118	2.09276
299	440	2.17865
299	454	3.25448
299	607	2.20519
299	637	2.76096
299	799	3.19982
299	883	3.7301
299	937	3.2098
300	237	2.15645
300	657	3.26024
300	710	2.23472
300	728	2.52775
300	865	3.39172
300	909	3.29111
300	920	3.22135
300	969	2.56425
301	111	2.48314
301	227	2.00455
301	306	2.5401
301	322	3.27121
301	395	2.86618
301	666	2.93825
301	752	3.50346
301	998	3.02349
302	140	1.86665
302	182	2.13896
302	188	1.53338
302	258	3.1902
302	530	3.09989
302	607	4.16244
302	679	3.47974
302	914	3.15539
303	193	2.88993
303	308	2.05393
303	494	1.82602
303	520	2.55122
303	651	3.4995
303	722	3.00625
303	788	3.20886
303	836	3.60569
304	528	2.18059
304	582	2.87203
304	603	2.62487
304	654	2.51101
304	668	2.41311
304	718	3.29265
304	809	3.02783
304	993	3.82468
305	18	1.88079
305	515	2.74984
305	612	2.65253
305	670	2.83477
305	691	2.45207
305	724	3.13892
305	837	2.69032
305	932	4.24859
306	38	1.97302
306	301	2.5401
306	504	1.8436
306	560	3.24926
306	583	2.90253
306	692	3.47807
306	834	3.70247
306	866	2.99228
307	293	2.21232
307	331	2.03446
307	357	2.759
307	527	3.30937
307	707	2.23703
307	889	3.05793
307	934	3.55643
307	976	3.48759
308	179	3.51981
308	303	2.05393
308	353	2.55764
308	414	1.90127
308	520	2.55105
308	651	3.49934
308	788	3.20869
308	857	3.3088
309	114	1.64321
309	139	3.02004
309	185	2.76176
309	243	3.348
309	295	2.18391
309	520	2.68795
309	651	3.63624
309	788	3.34559
310	265	2.45445
310	311	2.53937
310	412	2.17083
310	477	3.50399
310	614	2.98201
310	832	3.3378
310	857	2.7225
310	909	2.93295
311	310	2.53937
311	340	1.86681
311	614	2.69803
311	653	3.82744
311	710	2.42675
311	832	3.05382
311	852	3.0225
311	912	3.17742
312	285	2.34932
312	314	2.54141
312	518	2.32403
312	536	2.32403
312	734	2.94816
312	898	3.0039
312	942	3.43616
312	958	3.71053
313	148	1.72785
313	201	2.7007
313	211	1.75529
313	243	1.59061
313	649	3.42273
313	911	4.1154
313	971	3.54021
313	977	3.78513
314	120	3.52138
314	247	2.11553
314	312	2.54141
314	338	2.60368
314	699	2.12817
314	767	3.12938
314	876	3.27953
314	926	3.30402
315	359	2.2514
315	544	2.72683
315	546	2.61595
315	587	2.65076
315	687	2.76915
315	790	3.27778
315	806	3.11394
315	853	3.19307
316	489	2.50197
316	562	2.23077
316	626	2.28295
316	671	2.90036
316	897	3.28741
316	934	3.23705
316	944	3.09127
316	947	3.09127
317	7	2.26555
317	218	2.23578
317	239	2.39787
317	451	2.99639
317	585	2.72775
317	718	3.82246
317	846	2.86177
317	974	3.32662
318	397	2.65718
318	465	1.66675
318	480	2.86031
318	532	2.12366
318	548	2.72627
318	876	2.96786
318	996	3.56407
318	997	4.05937
319	51	1.55509
319	89	2.62756
319	153	1.7294
319	358	2.27202
319	533	2.68828
319	569	3.0654
319	700	3.88912
319	928	4.79707
320	17	2.90118
320	175	2.26696
320	367	2.07262
320	411	2.46901
320	705	2.69706
320	791	3.00915
320	872	3.8618
320	923	3.33355
321	283	1.88719
321	442	1.98192
321	647	2.51088
321	830	3.90776
321	900	3.32218
321	940	2.91949
321	956	2.58168
321	979	3.53673
322	144	2.30536
322	154	1.83974
322	301	3.27121
322	345	2.53156
322	610	3.18366
322	693	3.00009
322	745	3.09706
322	933	3.3768
323	82	1.51007
323	373	2.71302
323	455	2.16985
323	523	3.07183
323	808	3.25179
323	818	2.932
323	868	3.13806
323	973	3.85442
324	146	2.67892
324	233	2.58393
324	367	2.11692
324	596	2.64672
324	640	3.39064
324	746	2.7722
324	791	3.05345
324	923	3.37786
325	5	2.07353
325	295	3.06897
325	349	1.83039
325	537	2.87326
325	698	2.96488
325	783	2.34245
325	851	3.83146
325	895	3.64473
326	173	2.52785
326	407	1.95562
326	460	1.9144
326	570	2.72007
326	739	2.8525
326	889	3.30535
326	960	3.54239
326	962	3.82643
327	42	2.60325
327	381	2.16969
327	491	1.09829
327	763	2.43663
327	781	4.18249
327	839	2.87503
327	918	4.52766
327	981	2.72125
328	181	2.13635
328	262	2.29227
328	585	2.47847
328	616	2.85453
328	622	2.9307
328	782	3.23655
328	818	3.69444
328	969	3.00328
329	124	1.45155
329	168	2.95302
329	288	1.94089
329	367	3.95162
329	456	3.2997
329	526	1.61439
329	618	4.07527
329	813	3.35126
330	10	2.75549
330	208	1.82005
330	371	2.42597
330	404	2.419
330	755	3.45881
330	814	2.9551
330	841	3.70571
330	844	3.09524
331	307	2.03446
331	431	2.22956
331	598	2.21134
331	767	2.7221
331	870	3.52239
331	886	3.52116
331	935	3.19022
331	943	3.19022
332	4	2.60907
332	230	2.31969
332	577	2.83897
332	613	2.77831
332	677	2.67864
332	717	3.64974
332	806	3.18726
332	874	2.54865
333	180	2.46294
333	258	2.13865
333	532	2.36878
333	603	2.57385
333	661	3.03716
333	834	3.26304
333	840	3.35307
333	996	3.47758
334	64	3.07313
334	200	1.69456
334	337	2.69816
334	343	2.787
334	381	2.787
334	575	3.10802
334	816	3.50874
334	863	3.02829
335	171	2.09857
335	373	2.48074
335	538	2.00846
335	554	3.09218
335	564	2.92566
335	915	3.11648
335	916	3.6446
335	948	3.30536
336	405	1.97676
336	637	2.44278
336	647	2.65773
336	655	2.95411
336	803	2.97821
336	830	2.47647
336	927	3.40446
336	991	3.72701
337	6	2.083
337	43	3.98082
337	144	2.18755
337	252	3.06234
337	260	2.14681
337	334	2.69816
337	512	3.23125
337	575	3.23182
338	169	1.1578
338	242	2.60368
338	314	2.60368
338	582	3.49526
338	640	3.00924
338	699	3.09616
338	887	2.90404
338	947	3.77852
339	275	2.50447
339	419	2.18169
339	664	2.41388
339	755	3.22056
339	756	2.98915
339	816	3.09827
339	897	3.5294
339	954	2.70415
340	250	2.26945
340	311	1.86681
340	406	2.60888
340	479	2.28577
340	630	3.11798
340	650	3.31212
340	755	3.62228
340	980	3.56488
341	260	2.18877
341	343	2.95278
341	381	2.95278
341	475	1.51397
341	575	3.27379
341	824	3.07467
341	880	2.66233
341	979	4.05748
342	11	3.6692
342	85	2.1804
342	96	1.12245
342	553	3.56382
342	620	2.88453
342	733	2.57527
342	839	3.09454
342	959	3.5321
343	260	2.23565
343	334	2.787
343	341	2.95278
343	384	2.52274
343	408	2.84785
343	512	3.32009
343	861	2.88589
343	877	3.01968
344	107	2.37171
344	257	2.5499
344	469	2.45715
344	565	2.50307
344	667	2.43602
344	923	3.32386
344	931	3.8027
344	962	3.17029
345	322	2.53156
345	674	3.45039
345	813	2.52067
345	831	2.49224
345	890	3.03551
345	904	2.56963
345	963	2.86695
345	969	3.18864
346	23	1.8173
346	85	3.16478
346	136	2.84224
346	156	2.26951
346	489	3.34928
346	496	2.92444
346	507	2.85614
346	891	3.40987
347	65	1.69641
347	226	1.69009
347	366	2.31568
347	456	4.38031
347	620	2.93555
347	624	3.35869
347	704	2.54888
347	990	3.70784
348	107	1.78933
348	186	2.47471
348	438	2.93249
348	684	2.89902
348	771	2.999
348	823	3.03303
348	908	3.4923
348	910	3.01339
349	95	3.73379
349	102	3.21069
349	325	1.83039
349	433	4.37889
349	473	2.73383
349	537	1.75539
349	698	1.84701
349	829	3.15016
350	157	1.07166
350	421	1.98189
350	659	2.93018
350	707	3.53462
350	708	2.70263
350	771	3.66606
350	784	2.62746
350	956	4.10004
351	68	3.07988
351	84	2.82617
351	104	2.1935
351	246	2.7634
351	430	2.26173
351	516	3.3012
351	650	2.99212
351	671	3.277
352	11	2.90382
352	249	2.96524
352	279	2.39945
